0.5
0.4803
0.443246
0.393252
0.336271
0.279091
0.22852
0.190583
0.169798
0.168639
0.187246
0.223402
0.2728
0.329558
0.386916
0.438042
0.476847
0.49871
0.501026
0.48352
0.448277
0.399494
0.342982
0.28547
0.233809
0.194151
0.17122
0.167746
0.184144
0.21846
0.266608
0.322853
0.380496
0.432672
0.473166
0.497157
0.501786
0.486502
0.453126
0.405633
0.349679
0.291928
0.239258
0.197943
0.172903
0.16712
0.181283
0.213705
0.260525
0.316167
0.374003
0.427145
0.469264
0.495344
0.502279
0.489242
0.457786
0.411658
0.356352
0.298454
0.24486
0.201953
0.174844
0.166761
0.178666
0.209143
0.25456
0.30951
0.367446
0.42147
0.465147
0.493275
0.502504
0.491734
0.462249
0.41756
0.36299
0.305038
0.250605
0.206176
0.177041
0.16667
0.176299
0.204781
0.248723
0.302893
0.360838
0.415657
0.460821
0.490952
0.50246
0.493975
0.466508
0.42333
0.369583
0.311669
0.256485
0.210603
0.179489
0.166848
0.174185
0.200627
0.243024
0.296327
0.354187
0.409714
0.456293
0.488379
0.502148
0.495962
0.470556
0.428957
0.37612
0.318336
0.262489
0.215229
0.182186
0.167294
0.172327
0.196687
0.23747
0.289822
0.347505
0.40365
0.451571
0.48556
0.501568
0.49769
0.474387
0.434434
0.38259
0.32503
0.268609
0.220046
0.185126
0.168007
0.170729
0.192967
0.232072
0.283388
0.340802
0.397477
0.446662
0.4825
0.500722
0.499158
0.477994
0.439751
0.388984
0.331739
0.274834
0.225046
0.188305
0.168987
0.169392
0.189473
0.226838
0.277036
0.33409
0.391203
0.441574
0.479203
0.49961
0.500362
0.481372
0.4449
0.395291
0.338452
0.281154
0.230221
0.191718
0.170231
0.16832
0.186212
0.221776
0.270777
0.327378
0.384838
0.436315
0.475676
0.498234
0.501302
0.484516
0.449873
0.401501
0.34516
0.28756
0.235562
0.195359
0.171738
0.167513
0.183188
0.216895
0.264619
0.320678
0.378394
0.430893
0.471922
0.496596
0.501976
0.487419
0.454662
0.407604
0.35185
0.294041
0.241062
0.199222
0.173505
0.166974
0.180406
0.212201
0.258573
0.314
0.371879
0.425317
0.46795
0.4947
0.502381
0.490079
0.459258
0.41359
0.358513
0.300587
0.246712
0.203302
0.17553
0.166702
0.17787
0.207703
0.252649
0.307355
0.365304
0.419596
0.463764
0.492548
0.502519
0.49249
0.463656
0.41945
0.365138
0.307188
0.252501
0.207592
0.177809
0.166699
0.175584
0.203408
0.246856
0.300753
0.358681
0.413739
0.459372
0.490143
0.502388
0.494649
0.467847
0.425174
0.371714
0.313832
0.258422
0.212085
0.180338
0.166964
0.173553
0.199323
0.241203
0.294206
0.352019
0.407756
0.45478
0.48749
0.501989
0.496552
0.471825
0.430754
0.37823
0.320509
0.264465
0.216774
0.183115
0.167496
0.171779
0.195453
0.235699
0.287723
0.345329
0.401656
0.449996
0.484592
0.501322
0.498196
0.475584
0.43618
0.384677
0.327209
0.27062
0.221651
0.186133
0.168296
0.170266
0.191807
0.230353
0.281315
0.338622
0.395449
0.445028
0.481454
0.500389
0.499578
0.479117
0.441443
0.391043
0.33392
0.276877
0.226708
0.189388
0.169362
0.169015
0.188388
0.225174
0.274992
0.331908
0.389144
0.439883
0.478082
0.499191
0.500697
0.48242
0.446536
0.39732
0.340633
0.283227
0.231938
0.192876
0.170692
0.168029
0.185203
0.22017
0.268764
0.325199
0.382753
0.43457
0.474481
0.49773
0.50155
0.485486
0.45145
0.403496
0.347336
0.289658
0.237332
0.19659
0.172284
0.167309
0.182257
0.215349
0.262642
0.318505
0.376284
0.429097
0.470655
0.496008
0.502137
0.488311
0.456177
0.409562
0.354019
0.296162
0.242882
0.200525
0.174135
0.166856
0.179554
0.210718
0.256635
0.311836
0.369749
0.423474
0.466613
0.494029
0.502455
0.49089
0.460709
0.415508
0.36067
0.302726
0.248578
0.204674
0.176243
0.166671
0.177099
0.206285
0.250752
0.305204
0.363157
0.417708
0.462359
0.491794
0.502506
0.493219
0.46504
0.421325
0.36728
0.309342
0.254411
0.20903
0.178604
0.166755
0.174896
0.202057
0.245003
0.298619
0.35652
0.411809
0.457901
0.489308
0.502288
0.495295
0.469163
0.427004
0.373838
0.315998
0.260373
0.213588
0.181214
0.167107
0.172948
0.198041
0.239398
0.292092
0.349848
0.405787
0.453246
0.486575
0.501802
0.497114
0.473071
0.432534
0.380333
0.322684
0.266453
0.218338
0.184069
0.167727
0.171259
0.194244
0.233944
0.285632
0.343151
0.399651
0.448402
0.483598
0.501048
0.498674
0.476757
0.437908
0.386755
0.329389
0.272643
0.223275
0.187165
0.168614
0.16983
0.190671
0.228652
0.279251
0.336441
0.393411
0.443375
0.480384
0.500029
0.499971
0.480216
0.443117
0.393093
0.336102
0.278931
0.228389
0.190496
0.169765
0.168665
0.187327
0.223529
0.272958
0.329727
0.387077
0.438175
0.476937
0.498745
0.501003
0.483442
0.448153
0.399338
0.342813
0.285308
0.233673
0.194058
0.171181
0.167765
0.184219
0.218583
0.266763
0.323022
0.380659
0.432809
0.473262
0.497199
0.50177
0.48643
0.453006
0.40548
0.34951
0.291764
0.239119
0.197845
0.172857
0.167132
0.181352
0.213823
0.260677
0.316335
0.374167
0.427286
0.469365
0.495393
0.50227
0.489176
0.457671
0.411508
0.356184
0.298289
0.244717
0.20185
0.174792
0.166767
0.178729
0.209255
0.254709
0.309677
0.367612
0.421615
0.465254
0.49333
0.502501
0.491674
0.462139
0.417413
0.362823
0.304871
0.250459
0.206067
0.176982
0.166669
0.176356
0.204888
0.248869
0.303059
0.361005
0.415805
0.460933
0.491013
0.502464
0.493922
0.466403
0.423186
0.369417
0.311501
0.256335
0.210489
0.179425
0.16684
0.174235
0.200729
0.243166
0.296491
0.354355
0.409865
0.45641
0.488447
0.502159
0.495915
0.470457
0.428817
0.375956
0.318168
0.262336
0.21511
0.182115
0.167279
0.172371
0.196783
0.237609
0.289985
0.347674
0.403805
0.451693
0.485634
0.501586
0.49765
0.474293
0.434298
0.382428
0.324861
0.268453
0.219922
0.185049
0.167986
0.170766
0.193058
0.232207
0.283549
0.340972
0.397634
0.446788
0.48258
0.500746
0.499124
0.477906
0.439619
0.388824
0.33157
0.274675
0.224917
0.188222
0.168959
0.169423
0.189559
0.226968
0.277196
0.334259
0.391362
0.441704
0.479289
0.499641
0.500335
0.48129
0.444773
0.395133
0.338283
0.280994
0.230088
0.191629
0.170196
0.168344
0.186291
0.221902
0.270934
0.327547
0.385
0.436449
0.475767
0.498272
0.501282
0.484439
0.44975
0.401346
0.344991
0.287398
0.235425
0.195264
0.171697
0.16753
0.183261
0.217015
0.264773
0.320847
0.378557
0.431031
0.47202
0.496641
0.501962
0.487349
0.454543
0.407451
0.351682
0.293877
0.240922
0.199122
0.173458
0.166984
0.180473
0.212317
0.258724
0.314168
0.372044
0.425459
0.468053
0.494751
0.502374
0.490015
0.459145
0.413441
0.358345
0.300421
0.246567
0.203197
0.175476
0.166705
0.177931
0.207814
0.252797
0.307522
0.365471
0.419742
0.463872
0.492605
0.502519
0.492432
0.463547
0.419304
0.364971
0.307021
0.252354
0.207482
0.177748
0.166695
0.175639
0.203514
0.247
0.300919
0.358848
0.413889
0.459485
0.490207
0.502395
0.494597
0.467744
0.425032
0.371548
0.313664
0.258272
0.211969
0.180272
0.166954
0.173601
0.199423
0.241344
0.29437
0.352187
0.407909
0.454898
0.48756
0.502002
0.496507
0.471727
0.430615
0.378066
0.32034
0.264311
0.216653
0.183042
0.16748
0.171821
0.195548
0.235836
0.287885
0.345498
0.401811
0.450119
0.484668
0.501343
0.498157
0.475492
0.436045
0.384515
0.32704
0.270464
0.221526
0.186054
0.168273
0.170301
0.191896
0.230486
0.281475
0.338791
0.395607
0.445156
0.481536
0.500416
0.499547
0.479031
0.441313
0.390884
0.333751
0.276718
0.226579
0.189303
0.169332
0.169043
0.188471
0.225303
0.27515
0.332078
0.389304
0.440015
0.47817
0.499225
0.500672
0.482339
0.44641
0.397163
0.340464
0.283066
0.231804
0.192785
0.170655
0.16805
0.185281
0.220294
0.26892
0.325368
0.382915
0.434706
0.474574
0.49777
0.501532
0.485411
0.451328
0.403342
0.347167
0.289495
0.237194
0.196494
0.17224
0.167324
0.182328
0.215468
0.262795
0.318674
0.376448
0.429237
0.470755
0.496055
0.502125
0.488242
0.45606
0.409411
0.353851
0.295997
0.24274
0.200423
0.174085
0.166864
0.179619
0.210832
0.256785
0.312004
0.369914
0.423617
0.466717
0.494082
0.502451
0.490828
0.460597
0.41536
0.360503
0.30256
0.248432
0.204566
0.176186
0.166673
0.177158
0.206394
0.250899
0.305371
0.363324
0.417855
0.462469
0.491853
0.502508
0.493164
0.464934
0.42118
0.367114
0.309175
0.254263
0.208918
0.178541
0.16675
0.174949
0.202161
0.245147
0.298785
0.356688
0.411959
0.458016
0.489374
0.502297
0.495246
0.469062
0.426862
0.373673
0.31583
0.260221
0.21347
0.181145
0.167095
0.172994
0.19814
0.239537
0.292256
0.350016
0.40594
0.453366
0.486647
0.501817
0.497072
0.472975
0.432397
0.38017
0.322515
0.266299
0.218216
0.183994
0.167708
0.171298
0.194337
0.23408
0.285794
0.34332
0.399807
0.448526
0.483676
0.501071
0.498638
0.476667
0.437775
0.386594
0.32922
0.272485
0.223148
0.187084
0.168588
0.169863
0.190758
0.228783
0.27941
0.33661
0.393569
0.443504
0.480468
0.500058
0.499941
0.480131
0.442988
0.392934
0.335933
0.278771
0.228258
0.190409
0.169733
0.168691
0.187409
0.223656
0.273115
0.329897
0.387237
0.438308
0.477027
0.498781
0.500981
0.483363
0.448028
0.399182
0.342643
0.285146
0.233538
0.193966
0.171142
0.167785
0.184295
0.218705
0.266918
0.323191
0.380822
0.432946
0.473357
0.497241
0.501754
0.486358
0.452886
0.405326
0.349342
0.2916
0.23898
0.197746
0.172812
0.167145
0.181421
0.21394
0.260829
0.316503
0.374332
0.427427
0.469466
0.495442
0.50226
0.48911
0.457556
0.411357
