1.5
1.4212
1.27299
1.07301
0.845085
0.616363
0.414082
0.262333
0.179191
0.174558
0.248984
0.393606
0.5912
0.818232
1.04766
1.25217
1.40739
1.49484
1.5041
1.43408
1.29311
1.09798
0.871927
0.64188
0.435235
0.276604
0.184879
0.170985
0.236576
0.373842
0.566433
0.791412
1.02198
1.23069
1.39267
1.48863
1.50714
1.44601
1.31251
1.12253
0.898715
0.667711
0.457033
0.291772
0.191611
0.168479
0.225131
0.35482
0.5421
0.764666
0.99601
1.20858
1.37706
1.48138
1.50912
1.45697
1.33115
1.14663
0.925407
0.693816
0.47944
0.307813
0.199376
0.167043
0.214665
0.336571
0.518241
0.738038
0.969785
1.18588
1.36059
1.4731
1.51001
1.46694
1.349
1.17024
0.95196
0.720151
0.502421
0.324703
0.208163
0.166681
0.205197
0.319124
0.494893
0.711571
0.94335
1.16263
1.34328
1.46381
1.50984
1.4759
1.36603
1.19332
0.978332
0.746675
0.525939
0.342414
0.217957
0.167392
0.19674
0.302507
0.472095
0.685306
0.916748
1.13885
1.32517
1.45351
1.50859
1.48385
1.38222
1.21583
1.00448
0.773346
0.549956
0.360917
0.228743
0.169176
0.189309
0.286746
0.449882
0.659286
0.89002
1.1146
1.30629
1.44224
1.50627
1.49076
1.39755
1.23774
1.03036
0.80012
0.574435
0.380184
0.240503
0.172029
0.182916
0.271867
0.428289
0.633552
0.863209
1.08991
1.28665
1.43
1.50289
1.49663
1.41198
1.25901
1.05594
0.826956
0.599335
0.400183
0.253219
0.175947
0.17757
0.257894
0.407353
0.608146
0.836359
1.06481
1.2663
1.41681
1.49844
1.50145
1.42549
1.2796
1.08116
0.85381
0.624617
0.420882
0.26687
0.180924
0.17328
0.244848
0.387105
0.583107
0.809512
1.03935
1.24526
1.4027
1.49293
1.50521
1.43806
1.29949
1.106
0.880639
0.650241
0.442249
0.281435
0.186952
0.170053
0.232751
0.367578
0.558477
0.782711
1.01357
1.22357
1.38769
1.48639
1.5079
1.44968
1.31865
1.13042
0.907401
0.676165
0.464248
0.296889
0.194021
0.167895
0.221622
0.348804
0.534294
0.755999
0.987515
1.20127
1.3718
1.4788
1.50953
1.46032
1.33703
1.15436
0.934052
0.702349
0.486846
0.31321
0.20212
0.166808
0.211479
0.330813
0.510597
0.729419
0.961217
1.17838
1.35506
1.47019
1.51008
1.46996
1.35462
1.1778
0.960551
0.72875
0.510006
0.330369
0.211236
0.166794
0.202337
0.313632
0.487424
0.703013
0.934723
1.15496
1.33749
1.46057
1.50955
1.4786
1.37139
1.2007
0.986854
0.755327
0.53369
0.348341
0.221354
0.167854
0.194213
0.297291
0.464811
0.676823
0.908075
1.13103
1.31912
1.44996
1.50796
1.48621
1.3873
1.22302
1.01292
0.782036
0.557861
0.367095
0.232458
0.169986
0.187118
0.281814
0.442796
0.650891
0.881315
1.10662
1.29999
1.43837
1.50529
1.49278
1.40233
1.24472
1.03871
0.808835
0.582481
0.386603
0.244531
0.173185
0.181063
0.267227
0.421413
0.625259
0.854487
1.0818
1.28011
1.42582
1.50156
1.49831
1.41647
1.26577
1.06417
0.835682
0.60751
0.406833
0.257553
0.177449
0.17606
0.253552
0.400697
0.599968
0.827633
1.05658
1.25953
1.41233
1.49677
1.50279
1.42968
1.28614
1.08928
0.862532
0.632907
0.427753
0.271504
0.182768
0.172115
0.240812
0.38068
0.575058
0.800796
1.03101
1.23828
1.39792
1.49092
1.5062
1.44194
1.3058
1.11398
0.889344
0.658633
0.449329
0.28636
0.189135
0.169234
0.229028
0.361394
0.550568
0.77402
1.00514
1.21639
1.38262
1.48403
1.50855
1.45324
1.32471
1.13825
0.916075
0.684647
0.471527
0.302099
0.19654
0.167424
0.218217
0.342871
0.526539
0.747346
0.978994
1.19389
1.36645
1.47611
1.50982
1.46356
1.34284
1.16203
0.942681
0.710906
0.494311
0.318694
0.204971
0.166686
0.208398
0.32514
0.503008
0.720818
0.952628
1.17083
1.34944
1.46718
1.51002
1.47288
1.36016
1.1853
0.969121
0.737369
0.517646
0.336121
0.214414
0.167021
0.199585
0.308229
0.480013
0.694477
0.926079
1.14724
1.33161
1.45723
1.50915
1.48118
1.37665
1.20801
0.995352
0.763993
0.541492
0.35435
0.224855
0.168429
0.191794
0.292166
0.457591
0.668367
0.89939
1.12315
1.31299
1.4463
1.50721
1.48846
1.39228
1.23014
1.02133
0.790736
0.565814
0.373353
0.236276
0.170908
0.185036
0.276975
0.435777
0.642528
0.872604
1.0986
1.29361
1.43439
1.50419
1.49469
1.40703
1.25163
1.04702
0.817555
0.590571
0.393099
0.248659
0.174454
0.179322
0.262682
0.414607
0.617002
0.845762
1.07364
1.2735
1.42154
1.50012
1.49988
1.42086
1.27247
1.07237
0.844408
0.615723
0.413557
0.261985
0.179061
0.174661
0.249309
0.394114
0.59183
0.818909
1.04831
1.2527
1.40775
1.49498
1.50401
1.43377
1.29261
1.09735
0.87125
0.641232
0.434693
0.276233
0.184722
0.171062
0.236878
0.374331
0.567052
0.792087
1.02263
1.23124
1.39305
1.4888
1.50708
1.44572
1.31203
1.12192
0.898041
0.667056
0.456475
0.291378
0.191428
0.168529
0.225408
0.35529
0.542708
0.765339
0.996669
1.20914
1.37746
1.48157
1.50908
1.4567
1.33068
1.14603
0.924736
0.693154
0.478868
0.307398
0.199168
0.167066
0.214917
0.337022
0.518837
0.738708
0.97045
1.18646
1.36101
1.47332
1.51
1.4667
1.34856
1.16965
0.951293
0.719484
0.501835
0.324267
0.207929
0.166677
0.205423
0.319554
0.495476
0.712236
0.944019
1.16322
1.34373
1.46405
1.50986
1.47569
1.36561
1.19274
0.977669
0.746004
0.52534
0.341957
0.217698
0.167361
0.196941
0.302916
0.472663
0.685966
0.91742
1.13946
1.32564
1.45379
1.50864
1.48366
1.38183
1.21527
1.00382
0.772671
0.549345
0.360441
0.228459
0.169117
0.189484
0.287133
0.450434
0.659939
0.890695
1.11522
1.30677
1.44254
1.50635
1.4906
1.39717
1.23719
1.02971
0.799444
0.573812
0.379689
0.240195
0.171944
0.183064
0.272232
0.428826
0.634198
0.863886
1.09054
1.28715
1.43032
1.50299
1.4965
1.41162
1.25848
1.0553
0.826279
0.598702
0.39967
0.252887
0.175835
0.177692
0.258235
0.407872
0.608782
0.837036
1.06545
1.26682
1.41716
1.49856
1.50134
1.42516
1.27909
1.08053
0.853133
0.623975
0.420352
0.266515
0.180786
0.173375
0.245166
0.387607
0.583734
0.810189
1.04
1.2458
1.40307
1.49309
1.50513
1.43776
1.299
1.10538
0.879963
0.649591
0.441702
0.281056
0.186787
0.170121
0.233044
0.368062
0.559093
0.783386
1.01423
1.22413
1.38808
1.48656
1.50785
1.4494
1.31817
1.12981
0.906727
0.675508
0.463686
0.296489
0.19383
0.167936
0.221891
0.349268
0.534898
0.756671
0.988175
1.20184
1.37221
1.479
1.5095
1.46006
1.33658
1.15376
0.933382
0.701686
0.486269
0.312788
0.201903
0.166822
0.211722
0.331257
0.511188
0.730087
0.961883
1.17897
1.35549
1.47042
1.51007
1.46973
1.35419
1.17722
0.959885
0.728082
0.509415
0.329926
0.210993
0.166781
0.202556
0.314055
0.488001
0.703676
0.935393
1.15555
1.33794
1.46083
1.50958
1.47839
1.37097
1.20013
0.986193
0.754655
0.533086
0.347878
0.221087
0.167814
0.194405
0.297692
0.465374
0.67748
0.908749
1.13163
1.31959
1.45024
1.50801
1.48603
1.38691
1.22246
1.01227
0.781361
0.557246
0.366613
0.232166
0.169919
0.187284
0.282193
0.443344
0.651542
0.881991
1.10725
1.30048
1.43867
1.50537
1.49263
1.40197
1.24418
1.03806
0.808158
0.581855
0.386102
0.244215
0.173092
0.181203
0.267583
0.421944
0.625902
0.855164
1.08243
1.28062
1.42615
1.50166
1.49819
1.41612
1.26525
1.06354
0.835004
0.606874
0.406314
0.257213
0.177328
0.176173
0.253886
0.401211
0.600601
0.828311
1.05722
1.26006
1.41268
1.4969
1.50269
1.42936
1.28564
1.08865
0.861855
0.632262
0.427217
0.27114
0.182621
0.172201
0.241122
0.381176
0.575681
0.801473
1.03166
1.23883
1.3983
1.49108
1.50613
1.44165
1.30531
1.11337
0.888669
0.657981
0.448777
0.285974
0.188962
0.169294
0.229313
0.361871
0.551181
0.774694
1.00579
1.21695
1.38302
1.48422
1.5085
1.45297
1.32424
1.13764
0.915402
0.683987
0.47096
0.301691
0.196341
0.167456
0.218478
0.343329
0.527139
0.748017
0.979656
1.19447
1.36687
1.47633
1.5098
1.46331
1.34239
1.16144
0.942012
0.710241
0.49373
0.318266
0.204746
0.166691
0.208633
0.325577
0.503595
0.721485
0.953295
1.17142
1.34988
1.46741
1.51003
1.47265
1.35974
1.18472
0.968457
0.736699
0.51705
0.335671
0.214164
0.166999
0.199795
0.308645
0.480586
0.695139
0.926751
1.14784
1.33206
1.45749
1.50919
1.48098
1.37625
1.20745
0.994693
0.76332
0.540885
0.353881
0.224579
0.168381
0.191978
0.29256
0.458149
0.669022
0.900065
1.12376
1.31346
1.44659
1.50727
1.48829
1.3919
1.22959
1.02068
0.79006
0.565195
0.372864
0.235976
0.170833
0.185193
0.277348
0.43632
0.643176
0.87328
1.09923
1.29411
1.43471
1.50428
1.49455
1.40667
1.2511
1.04637
0.816878
0.589941
0.392592
0.248335
0.174352
0.179453
0.263031
0.415133
0.617642
0.84644
1.07428
1.27402
1.42187
1.50023
1.49976
1.42053
1.27195
1.07174
0.84373
0.615084
0.413032
0.261638
0.178932
0.174766
0.249635
0.394623
0.59246
0.819586
1.04895
1.25323
1.40811
1.49512
1.50392
1.43345
1.29211
1.09673
0.870574
0.640585
0.434152
0.275862
0.184567
0.171139
0.23718
0.374821
0.567672
0.792763
1.02329
1.23179
1.39343
1.48897
1.50702
1.44543
1.31155
1.1213
0.897366
0.666401
0.455918
0.290985
0.191246
0.168579
0.225685
0.355761
0.543317
0.766013
0.997327
1.20971
1.37787
1.48177
1.50904
1.45644
1.33022
1.14543
