42.8597174109
42.9123802081
42.8697451164
42.8482177529
42.8317332819
42.8173660984
42.8059654776
42.795302482
42.7793335774
42.7653770611
42.7542799219
42.745657644
42.7403933095
42.7375420633
42.7354922471
42.7332573993
42.7303218774
42.7263567375
42.7212648401
42.7154390356
42.7097462129
42.704926129
42.7011658342
42.6982993203
42.6960952699
42.6943662825
42.6929797026
42.691844519
42.6908980079
42.6900961905
42.6894075763
42.6888091318
42.6882836667
42.6878181111
42.6874023592
42.6870284771
42.6866901497
42.6863822875
42.6861007423
42.6858420985
42.6856035172
42.6853826187
42.6851773929
42.6849861293
42.6848073629
42.6846398314
42.6844824408
42.6843342379
42.6841943883
42.6840621583
42.6839368997
42.6838180376
42.6837050607
42.6835975118
42.6834949813
42.6833971012
42.6833035392
42.6832139951
42.6831281966
42.6830458963
42.6829668686
42.6828909076
42.6828178247
42.6827474471
42.6826796159
42.6826141847
42.6825510186
42.6824899928
42.682430992
42.6823739092
42.6823186449
42.6822651068
42.6822132088
42.6821628707
42.6821140177
42.6820665797
42.6820204911
42.6819756905
42.6819321203
42.6818897264
42.6818484579
42.6818082669
42.6817691083
42.6817309396
42.6816937204
42.6816574131
42.6816219815
42.6815873919
42.681553612
42.6815206114
42.6814883611
42.6814568337
42.681426003
42.6813958444
42.6813663342
42.6813374499
42.6813091701
42.6812814745
42.6812543435
42.6812277587
42.6812017022
42.6811761571
42.6811511073
42.6811265371
42.6811024319
42.6810787772
42.6810555596
42.6810327661
42.6810103839
42.6809884013
42.6809668065
42.6809455886
42.6809247369
42.6809042412
42.6808840916
42.6808642787
42.6808447933
42.6808256268
42.6808067706
42.6807882165
42.6807699569
42.6807519839
42.6807342905
42.6807168695
42.6806997141
42.6806828178
42.6806661742
42.6806497771
42.6806336207
42.6806176992
42.6806020071
42.680586539
42.6805712897
42.6805562541
42.6805414275
42.6805268051
42.6805123823
42.6804981547
42.680484118
42.6804702681
42.6804566009
42.6804431124
42.6804297989
42.6804166568
42.6804036823
42.680390872
42.6803782226
42.6803657308
42.6803533933
42.6803412071
42.6803291691
42.6803172764
42.6803055261
42.6802939156
42.680282442
42.6802711027
42.6802598953
42.6802488171
42.6802378657
42.6802270388
42.6802163342
42.6802057494
42.6801952824
42.680184931
42.6801746931
42.6801645668
42.6801545499
42.6801446406
42.6801348371
42.6801251374
42.6801155398
42.6801060424
42.6800966437
42.680087342
42.6800781355
42.6800690228
42.6800600022
42.6800510722
42.6800422315
42.6800334784
42.6800248115
42.6800162296
42.6800077312
42.679999315
42.6799909797
42.6799827241
42.6799745468
42.6799664468
42.6799584227
42.6799504734
42.6799425979
42.6799347949
42.6799270633
42.6799194022
42.6799118105
42.6799042871
42.679896831
42.6798894412
42.6798821169
42.6798748569
42.6798676605
42.6798605267
42.6798534546
42.6798464434
42.6798394921
42.6798325999
42.6798257661
42.6798189898
42.6798122703
42.6798056066
42.6797989982
42.6797924442
42.6797859439
42.6797794965
42.6797731015
42.679766758
42.6797604655
42.6797542232
42.6797480304
42.6797418866
42.6797357911
42.6797297433
42.6797237426
42.6797177883
42.6797118799
42.6797060168
42.6797001985
42.6796944243
42.6796886938
42.6796830063
42.6796773614
42.6796717585
42.6796661972
42.6796606769
42.6796551971
42.6796497573
42.6796443572
42.679638996
42.6796336736
42.6796283893
42.6796231427
42.6796179334
42.6796127609
42.6796076248
42.6796025248
42.6795974603
42.6795924311
42.6795874366
42.6795824764
42.6795775503
42.6795726578
42.6795677986
42.6795629722
42.6795581783
42.6795534165
42.6795486866
42.6795439881
42.6795393207
42.679534684
42.6795300778
42.6795255017
42.6795209554
42.6795164386
42.6795119509
42.679507492
42.6795030617
42.6794986597
42.6794942855
42.6794899391
42.67948562
42.679481328
42.6794770628
42.6794728241
42.6794686117
42.6794644253
42.6794602646
42.6794561294
42.6794520194
42.6794479344
42.679443874
42.6794398382
42.6794358266
42.679431839
42.6794278751
42.6794239348
42.6794200177
42.6794161238
42.6794122526
42.6794084041
42.679404578
42.6794007741
42.6793969922
42.6793932321
42.6793894935
42.6793857763
42.6793820802
42.6793784052
42.6793747509
42.6793711171
42.6793675038
42.6793639107
42.6793603376
42.6793567843
42.6793532507
42.6793497365
42.6793462417
42.679342766
42.6793393092
42.6793358712
42.6793324518
42.6793290509
42.6793256683
42.6793223038
42.6793189573
42.6793156285
42.6793123175
42.6793090239
42.6793057477
42.6793024886
42.6792992466
42.6792960216
42.6792928132
42.6792896215
42.6792864463
42.6792832874
42.6792801447
42.6792770181
42.6792739074
42.6792708125
42.6792677332
42.6792646695
42.6792616211
42.6792585881
42.6792555702
42.6792525673
42.6792495793
42.6792466062
42.6792436476
42.6792407036
42.6792377741
42.6792348588
42.6792319577
42.6792290708
42.6792261977
42.6792233386
42.6792204932
42.6792176614
42.6792148431
42.6792120383
42.6792092468
42.6792064685
42.6792037034
42.6792009512
42.679198212
42.6791954855
42.6791927718
42.6791900707
42.6791873821
42.6791847059
42.6791820421
42.6791793905
42.679176751
42.6791741236
42.6791715082
42.6791689046
42.6791663128
42.6791637327
42.6791611643
42.6791586073
42.6791560618
42.6791535276
42.6791510047
42.679148493
42.6791459924
42.6791435028
42.6791410242
42.6791385565
42.6791360995
42.6791336532
42.6791312176
42.6791287926
42.679126378
42.6791239738
42.67912158
42.6791191964
42.679116823
42.6791144598
42.6791121066
42.6791097633
42.67910743
42.6791051065
42.6791027928
42.6791004888
42.6790981944
42.6790959096
42.6790936343
42.6790913684
42.6790891119
42.6790868647
42.6790846268
42.6790823981
42.6790801784
42.6790779679
42.6790757663
42.6790735737
42.67907139
42.6790692151
42.6790670489
42.6790648915
42.6790627427
42.6790606025
42.6790584708
42.6790563476
42.6790542328
42.6790521264
42.6790500283
42.6790479385
42.6790458569
42.6790437834
42.679041718
42.6790396607
42.6790376114
42.67903557
42.6790335365
42.6790315109
42.679029493
42.6790274829
42.6790254805
42.6790234858
42.6790214986
42.679019519
42.6790175469
42.6790155823
42.6790136251
42.6790116752
42.6790097327
42.6790077974
42.6790058694
42.6790039486
42.6790020349
42.6790001282
42.6789982287
42.6789963362
42.6789944506
42.678992572
42.6789907002
42.6789888353
42.6789869772
42.6789851258
42.6789832812
42.6789814433
42.678979612
42.6789777873
42.6789759691
42.6789741575
42.6789723524
42.6789705537
42.6789687615
42.6789669756
42.678965196
42.6789634227
42.6789616557
42.678959895
42.6789581404
42.6789563919
42.6789546496
42.6789529134
42.6789511832
42.678949459
42.6789477408
42.6789460285
42.6789443222
42.6789426217
42.6789409271
42.6789392382
42.6789375552
42.6789358779
42.6789342063
42.6789325404
42.6789308802
42.6789292255
42.6789275765
42.678925933
42.678924295
42.6789226625
42.6789210355
42.6789194139
42.6789177977
42.6789161869
42.6789145815
42.6789129813
42.6789113864
42.6789097968
42.6789082125
42.6789066333
42.6789050593
42.6789034904
42.6789019267
42.678900368
42.6788988144
42.6788972659
42.6788957223
42.6788941837
42.6788926501
42.6788911215
42.6788895977
42.6788880788
42.6788865647
42.6788850555
42.6788835511
42.6788820514
42.6788805565
42.6788790663
42.6788775808
42.6788761
42.6788746239
42.6788731524
42.6788716854
42.6788702231
42.6788687653
42.6788673121
42.6788658633
42.6788644191
42.6788629793
42.678861544
42.678860113
42.6788586865
42.6788572644
42.6788558466
42.6788544331
42.6788530239
42.678851619
42.6788502184
42.6788488221
42.6788474299
42.678846042
42.6788446582
42.6788432786
42.6788419032
42.6788405318
42.6788391646
42.6788378014
42.6788364423
42.6788350872
42.6788337362
42.6788323891
42.6788310461
42.678829707
42.6788283718
42.6788270406
42.6788257132
42.6788243898
42.6788230702
42.6788217544
42.6788204425
42.6788191344
42.6788178301
42.6788165295
42.6788152328
42.6788139397
42.6788126504
42.6788113648
42.6788100828
42.6788088046
42.6788075299
42.678806259
42.6788049916
42.6788037278
42.6788024676
42.678801211
42.6787999579
42.6787987084
42.6787974624
42.6787962198
42.6787949808
42.6787937452
42.6787925131
42.6787912844
42.6787900591
42.6787888373
42.6787876188
42.6787864037
42.678785192
42.6787839836
42.6787827785
42.6787815767
42.6787803783
42.6787791831
42.6787779912
42.6787768025
42.6787756171
42.6787744349
42.6787732559
42.6787720801
42.6787709075
42.678769738
42.6787685717
42.6787674086
42.6787662485
42.6787650916
42.6787639378
42.678762787
42.6787616394
42.6787604947
42.6787593532
42.6787582146
42.6787570791
42.6787559466
42.678754817
42.6787536905
42.6787525669
42.6787514462
42.6787503285
42.6787492137
42.6787481019
42.6787469929
42.6787458868
42.6787447836
42.6787436833
42.6787425858
42.6787414911
42.6787403993
42.6787393103
42.6787382241
42.6787371407
42.67873606
42.6787349821
42.678733907
42.6787328347
42.678731765
42.6787306981
42.6787296339
42.6787285724
42.6787275136
42.6787264574
42.6787254039
42.6787243531
42.6787233049
42.6787222594
42.6787212164
42.6787201761
42.6787191384
42.6787181032
42.6787170707
42.6787160407
42.6787150132
42.6787139884
42.678712966
42.6787119462
42.6787109289
42.678709914
42.6787089017
42.6787078919
42.6787068845
42.6787058797
42.6787048772
42.6787038772
42.6787028797
42.6787018845
42.6787008918
42.6786999015
42.6786989136
42.6786979281
42.6786969449
42.6786959641
42.6786949857
42.6786940096
42.6786930359
42.6786920645
42.6786910954
42.6786901286
42.6786891642
42.678688202
42.6786872421
42.6786862845
42.6786853291
42.6786843761
42.6786834252
42.6786824766
42.6786815303
42.6786805861
42.6786796442
42.6786787045
42.6786777669
42.6786768316
42.6786758984
42.6786749675
42.6786740386
42.678673112
42.6786721875
42.6786712651
42.6786703448
42.6786694267
42.6786685107
42.6786675968
42.678666685
42.6786657753
42.6786648677
42.6786639621
42.6786630586
42.6786621572
42.6786612578
42.6786603605
42.6786594652
42.6786585719
42.6786576807
42.6786567915
42.6786559042
42.678655019
42.6786541358
42.6786532545
42.6786523752
42.6786514979
42.6786506226
42.6786497492
42.6786488778
42.6786480083
42.6786471407
42.6786462751
42.6786454113
42.6786445495
42.6786436896
42.6786428316
42.6786419755
42.6786411213
42.6786402689
42.6786394184
42.6786385698
42.6786377231
42.6786368782
42.6786360351
42.6786351939
42.6786343545
42.6786335169
42.6786326811
42.6786318472
42.678631015
42.6786301847
42.6786293562
42.6786285294
42.6786277044
42.6786268812
42.6786260597
42.67862524
42.6786244221
42.6786236059
42.6786227915
42.6786219788
42.6786211678
42.6786203585
42.678619551
42.6786187452
42.678617941
42.6786171386
42.6786163379
42.6786155389
42.6786147415
42.6786139458
42.6786131518
42.6786123594
42.6786115687
42.6786107797
42.6786099923
42.6786092066
42.6786084224
42.67860764
42.6786068591
42.6786060799
42.6786053022
42.6786045262
42.6786037518
42.678602979
42.6786022077
42.6786014381
42.67860067
42.6785999035
42.6785991386
42.6785983753
42.6785976135
42.6785968532
42.6785960945
42.6785953374
42.6785945818
42.6785938277
42.6785930752
42.6785923241
42.6785915746
42.6785908266
42.6785900802
42.6785893352
42.6785885917
42.6785878497
42.6785871092
42.6785863702
42.6785856326
42.6785848966
42.678584162
42.6785834288
42.6785826972
42.6785819669
42.6785812382
42.6785805108
42.678579785
42.6785790605
42.6785783375
42.6785776159
42.6785768957
42.6785761769
42.6785754596
42.6785747437
42.6785740291
42.678573316
42.6785726042
42.6785718939
42.6785711849
42.6785704773
42.6785697711
42.6785690663
42.6785683628
42.6785676607
42.6785669599
42.6785662605
42.6785655625
42.6785648658
42.6785641704
42.6785634764
42.6785627837
42.6785620923
42.6785614023
42.6785607135
42.6785600261
42.67855934
42.6785586553
42.6785579718
42.6785572896
42.6785566087
42.6785559291
42.6785552508
42.6785545738
42.678553898
42.6785532235
42.6785525503
42.6785518784
42.6785512077
42.6785505383
42.6785498702
42.6785492033
42.6785485376
42.6785478732
42.67854721
42.6785465481
42.6785458874
42.6785452279
42.6785445697
42.6785439126
42.6785432568
42.6785426022
42.6785419488
42.6785412967
42.6785406457
42.6785399959
42.6785393473
42.6785386999
42.6785380537
42.6785374087
42.6785367649
42.6785361222
42.6785354807
42.6785348404
42.6785342012
42.6785335632
42.6785329264
42.6785322907
42.6785316562
42.6785310229
42.6785303906
42.6785297596
42.6785291296
42.6785285008
42.6785278731
42.6785272466
42.6785266212
42.6785259969
42.6785253737
42.6785247516
42.6785241307
42.6785235108
42.6785228921
42.6785222745
42.6785216579
42.6785210425
42.6785204281
42.6785198149
42.6785192027
42.6785185916
42.6785179816
42.6785173727
42.6785167648
42.6785161581
42.6785155523
42.6785149477
42.6785143441
42.6785137416
42.6785131401
42.6785125397
42.6785119403
42.6785113419
42.6785107447
42.6785101484
42.6785095532
42.678508959
42.6785083659
42.6785077738
42.6785071827
42.6785065926
42.6785060036
42.6785054155
42.6785048285
42.6785042425
42.6785036575
42.6785030735
42.6785024905
42.6785019085
42.6785013275
42.6785007475
42.6785001685
42.6784995905
42.6784990134
42.6784984374
42.6784978623
42.6784972882
42.6784967151
42.6784961429
42.6784955717
42.6784950015
42.6784944323
42.678493864
42.6784932966
42.6784927302
42.6784921648
42.6784916003
42.6784910368
42.6784904742
42.6784899126
42.6784893519
42.6784887921
42.6784882333
42.6784876754
42.6784871184
42.6784865624
42.6784860072
42.678485453
42.6784848998
42.6784843474
42.6784837959
42.6784832454
42.6784826958
42.6784821471
42.6784815992
42.6784810523
42.6784805063
42.6784799612
42.678479417
42.6784788736
42.6784783312
42.6784777896
42.6784772489
42.6784767092
42.6784761702
42.6784756322
42.6784750951
42.6784745588
42.6784740234
42.6784734888
42.6784729551
42.6784724223
42.6784718904
42.6784713593
42.678470829
42.6784702997
42.6784697711
42.6784692434
42.6784687166
42.6784681906
42.6784676655
42.6784671412
42.6784666177
42.6784660951
42.6784655733
42.6784650523
42.6784645322
42.6784640129
42.6784634944
42.6784629767
42.6784624599
42.6784619439
42.6784614287
42.6784609143
42.6784604007
42.678459888
