31.7166373545
31.6601708912
31.5367592612
31.5172493224
31.5063068837
31.5007731752
31.4952720131
31.4868510078
31.4719108097
31.4468910024
31.4311472941
31.4319466893
31.4273481939
31.430880151
31.4301172417
31.4301435955
31.4294484152
31.4290991006
31.4286970389
31.4284131734
31.428164576
31.4279720207
31.4278135969
31.4276872495
31.4275845983
31.427501702
31.4274342444
31.4273792772
31.427334249
31.4272972167
31.4272665976
31.4272411468
31.4272198656
31.4272019602
31.4271867949
31.4271738621
31.4271627544
31.4271531454
31.4271447721
31.4271374228
31.4271309264
31.4271251444
31.427119964
31.4271152935
31.4271110577
31.4271071952
31.4271036548
31.4271003947
31.4270973796
31.4270945802
31.427091972
31.4270895339
31.4270872483
31.4270851
31.4270830758
31.4270811645
31.4270793563
31.4270776423
31.4270760151
31.427074468
31.4270729948
31.4270715902
31.4270702495
31.4270689681
31.4270677422
31.4270665683
31.4270654429
31.4270643631
31.4270633261
31.4270623294
31.4270613706
31.4270604476
31.4270595583
31.4270587009
31.4270578736
31.4270570749
31.4270563031
31.4270555569
31.427054835
31.4270541361
31.427053459
31.4270528028
31.4270521662
31.4270515485
31.4270509486
31.4270503657
31.4270497991
31.4270492479
31.4270487115
31.4270481891
31.4270476802
31.4270471841
31.4270467002
31.4270462281
31.4270457672
31.427045317
31.427044877
31.4270444469
31.4270440261
31.4270436144
31.4270432113
31.4270428165
31.4270424297
31.4270420504
31.4270416785
31.4270413136
31.4270409555
31.4270406038
31.4270402584
31.427039919
31.4270395853
31.4270392572
31.4270389344
31.4270386168
31.4270383041
31.4270379962
31.4270376929
31.427037394
31.4270370993
31.4270368088
31.4270365223
31.4270362396
31.4270359605
31.4270356851
31.4270354131
31.4270351444
31.4270348789
31.4270346166
31.4270343572
31.4270341008
31.4270338472
31.4270335963
31.427033348
31.4270331022
31.427032859
31.4270326181
31.4270323795
31.4270321432
31.427031909
31.4270316769
31.4270314469
31.4270312188
31.4270309927
31.4270307684
31.427030546
31.4270303253
31.4270301062
31.4270298889
31.4270296731
31.4270294589
31.4270292462
31.427029035
31.4270288252
31.4270286168
31.4270284098
31.4270282041
31.4270279996
31.4270277964
31.4270275944
31.4270273936
31.4270271939
31.4270269954
31.4270267979
31.4270266015
31.4270264062
31.4270262118
31.4270260185
31.4270258261
31.4270256346
31.427025444
31.4270252544
31.4270250656
31.4270248776
31.4270246905
31.4270245042
31.4270243187
31.4270241339
31.4270239499
31.4270237667
31.4270235841
31.4270234023
31.4270232211
31.4270230407
31.4270228609
31.4270226817
31.4270225032
31.4270223252
31.4270221479
31.4270219712
31.4270217951
31.4270216195
31.4270214445
31.4270212701
31.4270210961
31.4270209227
31.4270207498
31.4270205775
31.4270204056
31.4270202342
31.4270200633
31.4270198928
31.4270197228
31.4270195533
31.4270193842
31.4270192156
31.4270190473
31.4270188795
31.4270187121
31.4270185451
31.4270183786
31.4270182124
31.4270180466
31.4270178812
31.4270177161
31.4270175514
31.4270173871
31.4270172232
31.4270170596
31.4270168963
31.4270167334
31.4270165708
31.4270164086
31.4270162467
31.4270160851
31.4270159238
31.4270157629
31.4270156022
31.4270154419
31.4270152818
31.4270151221
31.4270149626
31.4270148035
31.4270146446
31.427014486
31.4270143277
31.4270141697
31.4270140119
31.4270138544
31.4270136972
31.4270135402
31.4270133835
31.4270132271
31.4270130709
31.4270129149
31.4270127593
31.4270126038
31.4270124486
31.4270122937
31.4270121389
31.4270119845
31.4270118302
31.4270116762
31.4270115224
31.4270113688
31.4270112155
31.4270110624
31.4270109095
31.4270107568
31.4270106044
31.4270104522
31.4270103001
31.4270101483
31.4270099967
31.4270098453
31.4270096941
31.4270095432
31.4270093924
31.4270092418
31.4270090914
31.4270089413
31.4270087913
31.4270086415
31.4270084919
31.4270083425
31.4270081933
31.4270080443
31.4270078955
31.4270077468
31.4270075984
31.4270074501
31.427007302
31.4270071541
31.4270070064
31.4270068589
31.4270067115
31.4270065644
31.4270064174
31.4270062705
31.4270061239
31.4270059774
31.4270058311
31.427005685
31.427005539
31.4270053932
31.4270052476
31.4270051022
31.4270049569
31.4270048118
31.4270046668
31.4270045221
31.4270043774
31.427004233
31.4270040887
31.4270039446
31.4270038006
31.4270036568
31.4270035132
31.4270033697
31.4270032263
31.4270030832
31.4270029402
31.4270027973
31.4270026546
31.4270025121
31.4270023697
31.4270022274
31.4270020854
31.4270019434
31.4270018017
31.42700166
31.4270015186
31.4270013772
31.4270012361
31.427001095
31.4270009542
31.4270008134
31.4270006729
31.4270005324
31.4270003921
31.427000252
31.427000112
31.4269999722
31.4269998325
31.4269996929
31.4269995535
31.4269994142
31.4269992751
31.4269991361
31.4269989973
31.4269988586
31.42699872
31.4269985816
31.4269984433
31.4269983052
31.4269981672
31.4269980293
31.4269978916
31.426997754
31.4269976166
31.4269974793
31.4269973421
31.4269972051
31.4269970682
31.4269969314
31.4269967948
31.4269966583
31.426996522
31.4269963858
31.4269962497
31.4269961138
31.4269959779
31.4269958423
31.4269957067
31.4269955713
31.426995436
31.4269953009
31.4269951659
31.426995031
31.4269948962
31.4269947616
31.4269946271
31.4269944928
31.4269943585
31.4269942244
31.4269940905
31.4269939566
31.4269938229
31.4269936893
31.4269935559
31.4269934226
31.4269932894
31.4269931563
31.4269930233
31.4269928905
31.4269927578
31.4269926253
31.4269924929
31.4269923605
31.4269922284
31.4269920963
31.4269919644
31.4269918326
31.4269917009
31.4269915693
31.4269914379
31.4269913066
31.4269911754
31.4269910443
31.4269909134
31.4269907826
31.4269906519
31.4269905213
31.4269903909
31.4269902606
31.4269901304
31.4269900003
31.4269898703
31.4269897405
31.4269896108
31.4269894812
31.4269893517
31.4269892223
31.4269890931
31.426988964
31.426988835
31.4269887061
31.4269885774
31.4269884487
31.4269883202
31.4269881918
31.4269880636
31.4269879354
31.4269878074
31.4269876794
31.4269875516
31.4269874239
31.4269872964
31.4269871689
31.4269870416
31.4269869144
31.4269867873
31.4269866603
31.4269865334
31.4269864066
31.42698628
31.4269861535
31.4269860271
31.4269859008
31.4269857746
31.4269856485
31.4269855226
31.4269853968
31.426985271
31.4269851454
31.4269850199
31.4269848946
31.4269847693
31.4269846442
31.4269845191
31.4269843942
31.4269842694
31.4269841447
31.4269840201
31.4269838956
31.4269837713
31.426983647
31.4269835229
31.4269833989
31.4269832749
31.4269831511
31.4269830274
31.4269829039
31.4269827804
31.426982657
31.4269825338
31.4269824106
31.4269822876
31.4269821647
31.4269820419
31.4269819192
31.4269817966
31.4269816741
31.4269815517
31.4269814295
31.4269813073
31.4269811853
31.4269810633
31.4269809415
31.4269808198
31.4269806982
31.4269805767
31.4269804553
31.426980334
31.4269802128
31.4269800917
31.4269799707
31.4269798499
31.4269797291
31.4269796084
31.4269794879
31.4269793675
31.4269792471
31.4269791269
31.4269790068
31.4269788868
31.4269787669
31.426978647
31.4269785273
31.4269784077
31.4269782883
31.4269781689
31.4269780496
31.4269779304
31.4269778113
31.4269776924
31.4269775735
31.4269774547
31.4269773361
31.4269772175
31.426977099
31.4269769807
31.4269768624
31.4269767443
31.4269766263
31.4269765083
31.4269763905
31.4269762727
31.4269761551
31.4269760376
31.4269759201
31.4269758028
31.4269756856
31.4269755684
31.4269754514
31.4269753345
31.4269752177
31.4269751009
31.4269749843
31.4269748678
31.4269747513
31.426974635
31.4269745188
31.4269744027
31.4269742866
31.4269741707
31.4269740549
31.4269739391
31.4269738235
31.426973708
31.4269735925
31.4269734772
31.426973362
31.4269732468
31.4269731318
31.4269730168
31.426972902
31.4269727872
31.4269726726
31.426972558
31.4269724436
31.4269723292
31.426972215
31.4269721008
31.4269719867
31.4269718727
31.4269717589
31.4269716451
31.4269715314
31.4269714178
31.4269713043
31.4269711909
31.4269710776
31.4269709644
31.4269708513
31.4269707383
31.4269706254
31.4269705125
31.4269703998
31.4269702871
31.4269701746
31.4269700622
31.4269699498
31.4269698375
31.4269697254
31.4269696133
31.4269695013
31.4269693894
31.4269692776
31.4269691659
31.4269690543
31.4269689428
31.4269688314
31.42696872
31.4269686088
31.4269684976
31.4269683866
31.4269682756
31.4269681647
31.426968054
31.4269679433
31.4269678327
31.4269677222
31.4269676117
31.4269675014
31.4269673912
31.426967281
31.426967171
31.426967061
31.4269669512
31.4269668414
31.4269667317
31.4269666221
31.4269665126
31.4269664031
31.4269662938
31.4269661846
31.4269660754
31.4269659663
31.4269658574
31.4269657485
31.4269656397
31.426965531
31.4269654224
31.4269653138
31.4269652054
31.426965097
31.4269649887
31.4269648806
31.4269647725
31.4269646645
31.4269645566
31.4269644487
31.426964341
31.4269642333
31.4269641257
31.4269640183
31.4269639109
31.4269638036
31.4269636963
31.4269635892
31.4269634821
31.4269633752
31.4269632683
31.4269631615
31.4269630548
31.4269629482
31.4269628416
31.4269627352
31.4269626288
31.4269625225
31.4269624163
31.4269623102
31.4269622042
31.4269620983
31.4269619924
31.4269618866
31.4269617809
31.4269616753
31.4269615698
31.4269614644
31.426961359
31.4269612538
31.4269611486
31.4269610435
31.4269609384
31.4269608335
31.4269607287
31.4269606239
31.4269605192
31.4269604146
31.4269603101
31.4269602056
31.4269601013
31.426959997
31.4269598928
31.4269597887
31.4269596847
31.4269595807
31.4269594768
31.426959373
31.4269592693
31.4269591657
31.4269590622
31.4269589587
31.4269588553
31.426958752
31.4269586488
31.4269585457
31.4269584426
31.4269583396
31.4269582367
31.4269581339
31.4269580312
31.4269579285
31.4269578259
31.4269577234
31.426957621
31.4269575187
31.4269574164
31.4269573142
31.4269572121
31.4269571101
31.4269570081
31.4269569063
31.4269568045
31.4269567028
31.4269566011
31.4269564996
31.4269563981
31.4269562967
31.4269561954
31.4269560941
31.426955993
31.4269558919
31.4269557909
31.4269556899
31.4269555891
31.4269554883
31.4269553876
31.426955287
31.4269551864
31.426955086
31.4269549856
31.4269548852
31.426954785
31.4269546848
31.4269545847
31.4269544847
31.4269543848
31.4269542849
31.4269541851
31.4269540854
31.4269539858
31.4269538862
31.4269537867
31.4269536873
31.426953588
31.4269534887
31.4269533895
31.4269532904
31.4269531914
31.4269530924
31.4269529935
31.4269528947
31.426952796
31.4269526973
31.4269525987
31.4269525002
31.4269524017
31.4269523033
31.426952205
31.4269521068
31.4269520087
31.4269519106
31.4269518126
31.4269517146
31.4269516168
31.426951519
31.4269514213
31.4269513236
31.4269512261
31.4269511286
31.4269510311
31.4269509338
31.4269508365
31.4269507393
31.4269506421
31.4269505451
31.4269504481
31.4269503512
31.4269502543
31.4269501575
31.4269500608
31.4269499642
31.4269498676
31.4269497711
31.4269496747
31.4269495783
31.426949482
31.4269493858
31.4269492897
31.4269491936
31.4269490976
31.4269490016
31.4269489058
31.42694881
31.4269487143
31.4269486186
31.426948523
31.4269484275
31.4269483321
31.4269482367
31.4269481414
31.4269480461
31.4269479509
31.4269478558
31.4269477608
31.4269476658
31.4269475709
31.4269474761
31.4269473814
31.4269472867
31.426947192
31.4269470975
31.426947003
31.4269469086
31.4269468142
31.4269467199
31.4269466257
31.4269465316
31.4269464375
31.4269463435
31.4269462495
31.4269461556
31.4269460618
31.4269459681
31.4269458744
31.4269457808
31.4269456872
31.4269455938
31.4269455003
31.426945407
31.4269453137
31.4269452205
31.4269451273
31.4269450343
31.4269449412
31.4269448483
31.4269447554
31.4269446626
31.4269445698
31.4269444771
31.4269443845
31.426944292
31.4269441995
31.426944107
31.4269440147
31.4269439224
31.4269438301
31.426943738
31.4269436459
31.4269435538
31.4269434618
31.4269433699
31.4269432781
31.4269431863
31.4269430946
31.4269430029
31.4269429113
31.4269428198
31.4269427283
31.4269426369
31.4269425456
31.4269424543
31.4269423631
31.426942272
31.4269421809
31.4269420898
31.4269419989
31.426941908
31.4269418172
31.4269417264
31.4269416357
31.426941545
31.4269414544
31.4269413639
31.4269412735
31.4269411831
31.4269410927
31.4269410025
31.4269409122
31.4269408221
31.426940732
31.426940642
31.426940552
31.4269404621
31.4269403723
31.4269402825
31.4269401928
31.4269401031
31.4269400135
31.426939924
31.4269398345
31.4269397451
31.4269396557
31.4269395664
31.4269394772
31.426939388
31.4269392989
31.4269392099
31.4269391209
31.4269390319
31.4269389431
31.4269388543
31.4269387655
31.4269386768
31.4269385882
31.4269384996
31.4269384111
31.4269383226
31.4269382342
31.4269381459
31.4269380576
31.4269379694
31.4269378812
31.4269377931
31.4269377051
31.4269376171
31.4269375292
31.4269374413
31.4269373535
31.4269372658
31.4269371781
31.4269370905
31.4269370029
31.4269369154
31.4269368279
31.4269367405
31.4269366532
31.4269365659
31.4269364787
31.4269363915
31.4269363044
31.4269362173
31.4269361303
31.4269360434
31.4269359565
31.4269358697
31.4269357829
31.4269356962
31.4269356095
31.4269355229
31.4269354364
31.4269353499
31.4269352635
31.4269351771
31.4269350908
31.4269350046
31.4269349184
31.4269348322
31.4269347461
31.4269346601
31.4269345741
31.4269344882
31.4269344023
31.4269343165
31.4269342308
31.4269341451
31.4269340594
31.4269339738
31.4269338883
31.4269338028
31.4269337174
31.426933632
31.4269335467
31.4269334615
31.4269333763
31.4269332911
31.426933206
31.426933121
31.426933036
31.4269329511
31.4269328662
31.4269327814
31.4269326966
31.4269326119
31.4269325272
31.4269324426
31.4269323581
31.4269322736
31.4269321891
31.4269321048
31.4269320204
31.4269319361
31.4269318519
31.4269317677
31.4269316836
31.4269315995
31.4269315155
31.4269314316
31.4269313477
31.4269312638
31.42693118
31.4269310963
31.4269310126
31.4269309289
31.4269308453
31.4269307618
31.4269306783
31.4269305949
31.4269305115
31.4269304282
31.4269303449
31.4269302617
31.4269301785
31.4269300954
31.4269300123
31.4269299293
31.4269298463
31.4269297634
31.4269296806
31.4269295977
31.426929515
31.4269294323
31.4269293496
31.426929267
31.4269291845
31.426929102
31.4269290195
31.4269289371
