37.8134499412
37.5572757484
37.4703084206
37.4399539648
37.4144058194
37.3835519751
37.3185914403
37.1102373788
36.9809495317
36.9244867328
36.8769936865
36.8044062231
36.7690751175
36.7616659746
36.7587524602
36.7569509321
36.755508122
36.7542079677
36.7529860826
36.7518255842
36.7507240706
36.7496825431
36.7487018116
36.7477815538
36.7469202957
36.7461156688
36.7453647071
36.744664105
36.7440104163
36.7434001967
36.7428301014
36.7422969467
36.7417977453
36.7413297236
36.7408903262
36.7404772117
36.7400882433
36.7397214761
36.7393751436
36.7390476425
36.7387375184
36.7384434521
36.7381642464
36.7378988142
36.7376461673
36.7374054065
36.7371757125
36.7369563381
36.7367466002
36.7365458742
36.7363535875
36.7361692147
36.7359922729
36.7358223175
36.7356589387
36.7355017581
36.7353504258
36.7352046179
36.735064034
36.7349283952
36.7347974422
36.7346709336
36.7345486445
36.7344303648
36.7343158985
36.7342050619
36.7340976834
36.7339936018
36.7338926661
36.7337947341
36.7336996724
36.7336073553
36.7335176645
36.7334304884
36.7333457215
36.7332632645
36.7331830232
36.7331049087
36.7330288367
36.7329547274
36.7328825051
36.7328120979
36.7327434376
36.7326764595
36.7326111018
36.732547306
36.7324850162
36.7324241791
36.7323647442
36.732306663
36.7322498894
36.7321943794
36.7321400907
36.7320869832
36.7320350184
36.7319841594
36.731934371
36.7318856195
36.7318378723
36.7317910986
36.7317452685
36.7317003536
36.7316563263
36.7316131604
36.7315708306
36.7315293125
36.7314885828
36.731448619
36.7314093994
36.7313709033
36.7313331105
36.7312960018
36.7312595584
36.7312237625
36.7311885968
36.7311540445
36.7311200895
36.7310867163
36.7310539098
36.7310216555
36.7309899395
36.7309587481
36.7309280683
36.7308978873
36.730868193
36.7308389735
36.7308102173
36.7307819133
36.7307540508
36.7307266192
36.7306996086
36.7306730092
36.7306468114
36.730621006
36.7305955843
36.7305705374
36.730545857
36.730521535
36.7304975635
36.7304739348
36.7304506414
36.7304276761
36.7304050318
36.7303827018
36.7303606794
36.7303389581
36.7303175316
36.7302963939
36.730275539
36.7302549612
36.7302346547
36.7302146142
36.7301948342
36.7301753097
36.7301560356
36.730137007
36.730118219
36.730099667
36.7300813464
36.7300632529
36.7300453821
36.7300277297
36.7300102918
36.7299930642
36.7299760431
36.7299592247
36.7299426052
36.729926181
36.7299099487
36.7298939046
36.7298780455
36.729862368
36.729846869
36.7298315453
36.7298163939
36.7298014116
36.7297865957
36.7297719432
36.7297574514
36.7297431175
36.7297289388
36.7297149128
36.7297010369
36.7296873085
36.7296737253
36.7296602849
36.7296469848
36.7296338229
36.7296207969
36.7296079046
36.7295951438
36.7295825125
36.7295700087
36.7295576302
36.7295453751
36.7295332416
36.7295212277
36.7295093315
36.7294975513
36.7294858853
36.7294743318
36.7294628889
36.7294515552
36.7294403289
36.7294292084
36.7294181922
36.7294072788
36.7293964665
36.729385754
36.7293751397
36.7293646223
36.7293542004
36.7293438726
36.7293336375
36.7293234938
36.7293134403
36.7293034756
36.7292935986
36.7292838079
36.7292741024
36.729264481
36.7292549424
36.7292454856
36.7292361093
36.7292268126
36.7292175944
36.7292084535
36.7291993889
36.7291903997
36.7291814849
36.7291726434
36.7291638743
36.7291551766
36.7291465494
36.7291379918
36.7291295029
36.7291210819
36.7291127277
36.7291044397
36.7290962169
36.7290880585
36.7290799637
36.7290719317
36.7290639618
36.7290560531
36.7290482049
36.7290404165
36.7290326871
36.729025016
36.7290174024
36.7290098458
36.7290023453
36.7289949004
36.7289875103
36.7289801745
36.7289728922
36.7289656628
36.7289584857
36.7289513603
36.728944286
36.7289372622
36.7289302883
36.7289233637
36.7289164878
36.7289096602
36.7289028802
36.7288961473
36.728889461
36.7288828207
36.728876226
36.7288696762
36.728863171
36.7288567098
36.7288502922
36.7288439176
36.7288375856
36.7288312957
36.7288250474
36.7288188404
36.7288126741
36.7288065481
36.728800462
36.7287944154
36.7287884078
36.7287824388
36.7287765081
36.7287706151
36.7287647596
36.7287589411
36.7287531592
36.7287474136
36.7287417038
36.7287360296
36.7287303905
36.7287247862
36.7287192163
36.7287136806
36.7287081785
36.7287027098
36.7286972742
36.7286918713
36.7286865009
36.7286811625
36.7286758558
36.7286705806
36.7286653365
36.7286601233
36.7286549406
36.7286497881
36.7286446656
36.7286395727
36.7286345091
36.7286294747
36.728624469
36.7286194919
36.728614543
36.7286096221
36.728604729
36.7285998632
36.7285950247
36.7285902132
36.7285854283
36.7285806699
36.7285759377
36.7285712314
36.7285665509
36.7285618958
36.7285572661
36.7285526613
36.7285480813
36.7285435259
36.7285389949
36.728534488
36.728530005
36.7285255457
36.7285211098
36.7285166973
36.7285123079
36.7285079413
36.7285035974
36.7284992759
36.7284949768
36.7284906997
36.7284864445
36.728482211
36.728477999
36.7284738084
36.7284696389
36.7284654904
36.7284613626
36.7284572555
36.7284531688
36.7284491023
36.728445056
36.7284410296
36.7284370229
36.7284330359
36.7284290682
36.7284251199
36.7284211906
36.7284172803
36.7284133888
36.7284095159
36.7284056616
36.7284018255
36.7283980077
36.7283942079
36.728390426
36.7283866619
36.7283829154
36.7283791863
36.7283754746
36.7283717801
36.7283681026
36.7283644421
36.7283607984
36.7283571713
36.7283535608
36.7283499666
36.7283463887
36.728342827
36.7283392813
36.7283357515
36.7283322375
36.7283287391
36.7283252563
36.7283217889
36.7283183368
36.7283148999
36.728311478
36.7283080711
36.7283046791
36.7283013018
36.7282979391
36.7282945909
36.7282912571
36.7282879376
36.7282846324
36.7282813412
36.728278064
36.7282748006
36.7282715511
36.7282683152
36.728265093
36.7282618842
36.7282586888
36.7282555067
36.7282523378
36.7282491819
36.7282460391
36.7282429092
36.7282397922
36.7282366878
36.7282335961
36.728230517
36.7282274503
36.728224396
36.728221354
36.7282183242
36.7282153065
36.7282123008
36.7282093071
36.7282063253
36.7282033553
36.7282003969
36.7281974502
36.7281945151
36.7281915914
36.7281886791
36.7281857781
36.7281828884
36.7281800098
36.7281771423
36.7281742858
36.7281714403
36.7281686056
36.7281657818
36.7281629686
36.7281601661
36.7281573742
36.7281545928
36.7281518219
36.7281490613
36.728146311
36.728143571
36.7281408411
36.7281381214
36.7281354117
36.7281327119
36.7281300221
36.7281273422
36.728124672
36.7281220116
36.7281193608
36.7281167196
36.7281140879
36.7281114658
36.7281088531
36.7281062497
36.7281036556
36.7281010708
36.7280984951
36.7280959286
36.7280933712
36.7280908228
36.7280882833
36.7280857528
36.7280832311
36.7280807182
36.7280782141
36.7280757186
36.7280732318
36.7280707535
36.7280682838
36.7280658226
36.7280633698
36.7280609254
36.7280584894
36.7280560616
36.728053642
36.7280512306
36.7280488274
36.7280464322
36.7280440451
36.7280416659
36.7280392947
36.7280369315
36.728034576
36.7280322284
36.7280298885
36.7280275563
36.7280252318
36.7280229149
36.7280206057
36.7280183039
36.7280160096
36.7280137228
36.7280114434
36.7280091714
36.7280069067
36.7280046493
36.7280023991
36.7280001561
36.7279979203
36.7279956915
36.7279934699
36.7279912553
36.7279890477
36.7279868471
36.7279846534
36.7279824666
36.7279802866
36.7279781135
36.7279759471
36.7279737874
36.7279716345
36.7279694882
36.7279673485
36.7279652154
36.7279630889
36.7279609688
36.7279588553
36.7279567482
36.7279546475
36.7279525532
36.7279504653
36.7279483836
36.7279463083
36.7279442391
36.7279421762
36.7279401194
36.7279380688
36.7279360243
36.7279339859
36.7279319536
36.7279299272
36.7279279068
36.7279258924
36.7279238839
36.7279218813
36.7279198845
36.7279178936
36.7279159085
36.7279139291
36.7279119555
36.7279099876
36.7279080254
36.7279060688
36.7279041179
36.7279021725
36.7279002327
36.7278982985
36.7278963697
36.7278944465
36.7278925287
36.7278906163
36.7278887093
36.7278868077
36.7278849115
36.7278830205
36.7278811349
36.7278792545
36.7278773793
36.7278755094
36.7278736447
36.7278717851
36.7278699307
36.7278680813
36.7278662371
36.7278643979
36.7278625638
36.7278607346
36.7278589105
36.7278570913
36.7278552771
36.7278534678
36.7278516634
36.7278498638
36.7278480691
36.7278462792
36.7278444942
36.7278427139
36.7278409383
36.7278391675
36.7278374014
36.72783564
36.7278338832
36.7278321311
36.7278303836
36.7278286408
36.7278269025
36.7278251687
36.7278234395
36.7278217148
36.7278199946
36.7278182789
36.7278165676
36.7278148607
36.7278131583
36.7278114603
36.7278097666
36.7278080773
36.7278063923
36.7278047116
36.7278030352
36.7278013631
36.7277996952
36.7277980316
36.7277963722
36.727794717
36.7277930659
36.7277914191
36.7277897763
36.7277881377
36.7277865032
36.7277848727
36.7277832464
36.7277816241
36.7277800058
36.7277783915
36.7277767812
36.7277751749
36.7277735726
36.7277719741
36.7277703797
36.7277687891
36.7277672024
36.7277656196
36.7277640407
36.7277624655
36.7277608943
36.7277593268
36.7277577631
36.7277562032
36.727754647
36.7277530946
36.7277515459
36.7277500009
36.7277484596
36.727746922
36.7277453881
36.7277438578
36.7277423311
36.7277408081
36.7277392886
36.7277377728
36.7277362605
36.7277347518
36.7277332466
36.7277317449
36.7277302467
36.7277287521
36.7277272609
36.7277257732
36.727724289
36.7277228081
36.7277213307
36.7277198568
36.7277183862
36.727716919
36.7277154552
36.7277139947
36.7277125376
36.7277110837
36.7277096333
36.7277081861
36.7277067422
36.7277053015
36.7277038642
36.7277024301
36.7277009992
36.7276995715
36.7276981471
36.7276967258
36.7276953077
36.7276938928
36.7276924811
36.7276910725
36.727689667
36.7276882647
36.7276868655
36.7276854693
36.7276840763
36.7276826863
36.7276812993
36.7276799155
36.7276785346
36.7276771568
36.727675782
36.7276744102
36.7276730414
36.7276716755
36.7276703127
36.7276689527
36.7276675958
36.7276662417
36.7276648906
36.7276635424
36.727662197
36.7276608546
36.727659515
36.7276581783
36.7276568445
36.7276555135
36.7276541853
36.72765286
36.7276515375
36.7276502177
36.7276489008
36.7276475866
36.7276462752
36.7276449666
36.7276436607
36.7276423575
36.7276410571
36.7276397594
36.7276384644
36.727637172
36.7276358824
36.7276345955
36.7276333112
36.7276320296
36.7276307506
36.7276294743
36.7276282005
36.7276269295
36.727625661
36.7276243951
36.7276231318
36.7276218711
36.7276206129
36.7276193574
36.7276181043
36.7276168538
36.7276156059
36.7276143604
36.7276131175
36.7276118771
36.7276106392
36.7276094038
36.7276081709
36.7276069404
36.7276057124
36.7276044868
36.7276032637
36.727602043
36.7276008248
36.7275996089
36.7275983955
36.7275971845
36.7275959759
36.7275947696
36.7275935658
36.7275923643
36.7275911651
36.7275899683
36.7275887739
36.7275875818
36.727586392
36.7275852045
36.7275840194
36.7275828365
36.727581656
36.7275804777
36.7275793017
36.727578128
36.7275769565
36.7275757873
36.7275746204
36.7275734557
36.7275722932
36.7275711329
36.7275699749
36.727568819
36.7275676654
36.727566514
36.7275653647
36.7275642177
36.7275630728
36.72756193
36.7275607895
36.727559651
36.7275585148
36.7275573806
36.7275562486
36.7275551187
36.727553991
36.7275528653
36.7275517417
36.7275506202
36.7275495009
36.7275483836
36.7275472683
36.7275461552
36.727545044
36.727543935
36.727542828
36.727541723
36.7275406201
36.7275395192
36.7275384203
36.7275373234
36.7275362285
36.7275351356
36.7275340448
36.7275329559
36.727531869
36.727530784
36.727529701
36.72752862
36.727527541
36.7275264639
36.7275253887
36.7275243155
36.7275232442
36.7275221748
36.7275211073
36.7275200418
36.7275189781
36.7275179164
36.7275168566
36.7275157986
36.7275147425
36.7275136883
36.727512636
36.7275115855
36.7275105369
36.7275094901
36.7275084452
36.7275074021
36.7275063609
36.7275053215
36.7275042839
36.7275032481
36.7275022142
36.727501182
36.7275001516
36.7274991231
36.7274980963
36.7274970713
36.7274960481
36.7274950267
36.727494007
36.7274929891
36.727491973
36.7274909586
36.7274899459
36.727488935
36.7274879258
36.7274869184
36.7274859127
36.7274849086
36.7274839064
36.7274829058
36.7274819069
36.7274809097
36.7274799142
36.7274789205
36.7274779283
36.7274769379
36.7274759491
36.7274749621
36.7274739766
36.7274729929
36.7274720107
36.7274710303
36.7274700514
36.7274690743
36.7274680987
36.7274671248
36.7274661525
36.7274651818
36.7274642127
36.7274632453
36.7274622794
36.7274613152
36.7274603525
36.7274593915
36.727458432
36.7274574741
36.7274565178
36.727455563
36.7274546098
36.7274536582
36.7274527082
36.7274517597
36.7274508127
36.7274498673
36.7274489234
36.7274479811
36.7274470403
36.727446101
36.7274451633
36.727444227
36.7274432923
36.7274423591
36.7274414274
36.7274404972
36.7274395685
36.7274386413
36.7274377156
36.7274367913
36.7274358686
36.7274349473
36.7274340275
36.7274331092
36.7274321923
36.7274312769
36.7274303629
36.7274294504
36.7274285393
36.7274276297
36.7274267215
36.7274258148
36.7274249094
36.7274240056
36.7274231031
36.727422202
36.7274213024
36.7274204042
36.7274195074
36.7274186119
36.7274177179
36.7274168253
36.7274159341
36.7274150443
36.7274141558
36.7274132687
36.727412383
36.7274114987
36.7274106157
36.7274097341
36.7274088539
36.727407975
36.7274070975
36.7274062214
36.7274053465
36.7274044731
36.7274036009
36.7274027301
36.7274018606
36.7274009925
36.7274001257
36.7273992602
36.727398396
36.7273975331
36.7273966716
36.7273958113
36.7273949524
36.7273940947
36.7273932384
36.7273923833
36.7273915296
36.7273906771
36.7273898259
36.727388976
36.7273881273
36.72738728
36.7273864339
36.727385589
36.7273847455
36.7273839032
36.7273830621
36.7273822223
36.7273813837
36.7273805464
36.7273797104
36.7273788756
36.727378042
36.7273772096
36.7273763785
36.7273755486
36.7273747199
36.7273738925
36.7273730662
36.7273722412
36.7273714174
36.7273705948
36.7273697734
36.7273689532
36.7273681342
36.7273673164
36.7273664998
36.7273656843
36.7273648701
36.727364057
36.7273632452
36.7273624345
36.727361625
36.7273608166
36.7273600094
36.7273592034
36.7273583985
36.7273575948
36.7273567923
36.7273559909
36.7273551907
36.7273543916
36.7273535936
36.7273527968
