24.8989285022
24.842732803
24.8089325844
24.7857202053
24.7742776246
24.7676993991
24.761919981
24.754280635
24.7424768386
24.7252375465
24.7049645256
24.6917178075
24.6857236034
24.6823998054
24.680271028
24.6787767529
24.6776616153
24.6767940262
24.676099049
24.6755303943
24.6750575667
24.6746594422
24.6743208048
24.6740303499
24.6737794675
24.6735614647
24.6733710488
24.6732039732
24.6730567873
24.6729266572
24.6728112326
24.672708548
24.6726169472
24.6725350259
24.6724615856
24.6723955986
24.6723361791
24.6722825608
24.6722340776
24.6721901493
24.6721502683
24.6721139895
24.6720809219
24.6720507207
24.6720230817
24.6719977358
24.6719744443
24.6719529957
24.6719332019
24.6719148954
24.6718979271
24.6718821639
24.6718674871
24.6718537904
24.6718409788
24.6718289673
24.6718176796
24.6718070474
24.6717970092
24.67178751
24.6717785003
24.6717699354
24.6717617753
24.6717539838
24.6717465285
24.6717393799
24.6717325116
24.6717258996
24.6717195223
24.6717133602
24.6717073957
24.6717016126
24.6716959966
24.6716905343
24.671685214
24.6716800246
24.6716749565
24.6716700006
24.6716651487
24.6716603934
24.671655728
24.6716511461
24.6716466422
24.671642211
24.6716378478
24.6716335483
24.6716293084
24.6716251245
24.6716209932
24.6716169114
24.6716128761
24.6716088848
24.671604935
24.6716010244
24.6715971509
24.6715933125
24.6715895075
24.671585734
24.6715819907
24.6715782758
24.6715745882
24.6715709265
24.6715672894
24.6715636759
24.6715600848
24.6715565151
24.671552966
24.6715494364
24.6715459256
24.6715424327
24.6715389569
24.6715354976
24.671532054
24.6715286254
24.6715252113
24.671521811
24.6715184239
24.6715150495
24.6715116873
24.6715083367
24.6715049973
24.6715016686
24.67149835
24.6714950412
24.6714917418
24.6714884513
24.6714851694
24.6714818955
24.6714786295
24.6714753708
24.6714721192
24.6714688743
24.6714656357
24.6714624031
24.6714591763
24.6714559548
24.6714527383
24.6714495267
24.6714463195
24.6714431165
24.6714399173
24.6714367218
24.6714335296
24.6714303405
24.6714271541
24.6714239702
24.6714207886
24.671417609
24.6714144311
24.6714112547
24.6714080795
24.6714049053
24.6714017317
24.6713985587
24.6713953859
24.6713922131
24.67138904
24.6713858664
24.6713826921
24.6713795168
24.6713763403
24.6713731623
24.6713699826
24.6713668009
24.671363617
24.6713604307
24.6713572418
24.6713540499
24.6713508548
24.6713476564
24.6713444542
24.6713412482
24.671338038
24.6713348234
24.6713316041
24.67132838
24.6713251506
24.6713219158
24.6713186753
24.6713154289
24.6713121762
24.6713089169
24.671305651
24.6713023779
24.6712990975
24.6712958094
24.6712925135
24.6712892093
24.6712858966
24.671282575
24.6712792444
24.6712759042
24.6712725543
24.6712691944
24.6712658239
24.6712624427
24.6712590504
24.6712556466
24.671252231
24.6712488033
24.6712453629
24.6712419096
24.671238443
24.6712349626
24.6712314681
24.671227959
24.671224435
24.6712208955
24.6712173402
24.6712137685
24.67121018
24.6712065743
24.6712029508
24.671199309
24.6711956484
24.6711919685
24.6711882687
24.6711845485
24.6711808072
24.6711770443
24.6711732592
24.6711694513
24.6711656198
24.6711617641
24.6711578836
24.6711539775
24.6711500451
24.6711460857
24.6711420983
24.6711380824
24.671134037
24.6711299612
24.6711258542
24.6711217151
24.6711175429
24.6711133366
24.6711090952
24.6711048177
24.671100503
24.6710961499
24.6710917573
24.671087324
24.6710828487
24.67107833
24.6710737667
24.6710691573
24.6710645003
24.6710597943
24.6710550376
24.6710502285
24.6710453654
24.6710404464
24.6710354697
24.6710304333
24.6710253351
24.6710201731
24.6710149449
24.6710096483
24.6710042808
24.6709988398
24.6709933227
24.6709877266
24.6709820486
24.6709762856
24.6709704343
24.6709644913
24.670958453
24.6709523155
24.670946075
24.6709397272
24.6709332675
24.6709266914
24.6709199938
24.6709131695
24.6709062128
24.670899118
24.6708918786
24.6708844881
24.6708769393
24.6708692248
24.6708613363
24.6708532655
24.670845003
24.6708365392
24.6708278634
24.6708189645
24.6708098303
24.6708004479
24.6707908032
24.6707808812
24.6707706655
24.6707601385
24.6707492811
24.6707380725
24.6707264901
24.6707145093
24.6707021032
24.6706892424
24.6706758946
24.6706620242
24.6706475923
24.6706325554
24.6706168658
24.67060047
24.6705833089
24.6705653158
24.6705464165
24.6705265268
24.670505552
24.6704833844
24.6704599012
24.6704349619
24.6704084045
24.6703800419
24.6703496561
24.6703169921
24.6702817492
24.6702435707
24.67020203
24.6701566123
24.6701066917
24.6700514987
24.6699900773
24.6699212265
24.6698434172
24.6697546753
24.6696524139
24.669533186
24.6693923178
24.6692233554
24.6690172267
24.6687609813
24.6684359839
24.6680156835
24.6674642412
24.6667410803
24.6658243187
24.6647641375
24.6637114454
24.6627996498
24.662004898
24.6612199031
24.6603892752
24.6596046307
24.6590898809
24.6588799441
24.658738979
24.6585454975
24.658315678
24.6580766014
24.6578415113
24.6576154911
24.6574000544
24.6571952056
24.6570003019
24.6568144191
24.6566365091
24.6564654638
24.6563001351
24.6561393287
24.6559817819
24.6558261255
24.6556708285
24.6555141186
24.6553538674
24.6551874221
24.6550113477
24.654821026
24.6546100057
24.6543689188
24.6540836138
24.6537318652
24.6532775774
24.6526613724
24.6517909316
24.6505626748
24.6490246075
24.6476315591
24.6468026432
24.6463891088
24.6461680299
24.6460377804
24.6459551395
24.6458997985
24.6458612578
24.6458336418
24.6458134423
24.6457984499
24.645787211
24.6457787343
24.6457723232
24.645767476
24.6457638237
24.6457610904
24.6457590666
24.6457575912
24.6457565394
24.6457558132
24.6457553356
24.6457550454
24.645754894
24.6457548425
24.6457548598
24.645754921
24.6457550064
24.6457550999
24.6457551891
24.6457552639
24.6457553166
24.6457553412
24.6457553331
24.645755289
24.6457552063
24.6457550834
24.6457549195
24.645754714
24.645754467
24.6457541787
24.6457538498
24.645753481
24.6457530734
24.6457526281
24.6457521464
24.6457516294
24.6457510786
24.6457504953
24.6457498809
24.6457492368
24.6457485644
24.645747865
24.64574714
24.6457463906
24.6457456182
24.6457448239
24.645744009
24.6457431746
24.6457423217
24.6457414516
24.6457405651
24.6457396633
24.6457387471
24.6457378173
24.6457368749
24.6457359206
24.6457349552
24.6457339795
24.645732994
24.6457319995
24.6457309966
24.6457299858
24.6457289678
24.645727943
24.6457269119
24.645725875
24.6457248328
24.6457237856
24.6457227338
24.6457216778
24.6457206179
24.6457195544
24.6457184877
24.645717418
24.6457163456
24.6457152707
24.6457141935
24.6457131143
24.6457120332
24.6457109505
24.6457098662
24.6457087806
24.6457076938
24.6457066059
24.6457055171
24.6457044273
24.6457033369
24.6457022458
24.6457011541
24.6457000619
24.6456989693
24.6456978763
24.645696783
24.6456956895
24.6456945957
24.6456935017
24.6456924076
24.6456913133
24.6456902189
24.6456891244
24.6456880298
24.6456869351
24.6456858404
24.6456847455
24.6456836506
24.6456825556
24.6456814605
24.6456803653
24.6456792699
24.6456781744
24.6456770788
24.6456759829
24.6456748869
24.6456737905
24.6456726939
24.645671597
24.6456704998
24.6456694022
24.6456683042
24.6456672057
24.6456661067
24.6456650073
24.6456639072
24.6456628065
24.6456617052
24.6456606031
24.6456595003
24.6456583967
24.6456572922
24.6456561868
24.6456550804
24.645653973
24.6456528646
24.645651755
24.6456506442
24.6456495321
24.6456484188
24.6456473041
24.6456461879
24.6456450702
24.645643951
24.6456428302
24.6456417076
24.6456405833
24.6456394571
24.645638329
24.645637199
24.6456360669
24.6456349326
24.6456337962
24.6456326574
24.6456315163
24.6456303727
24.6456292266
24.6456280779
24.6456269265
24.6456257723
24.6456246152
24.6456234551
24.6456222919
24.6456211256
24.6456199561
24.6456187831
24.6456176068
24.6456164268
24.6456152432
24.6456140558
24.6456128645
24.6456116692
24.6456104698
24.6456092661
24.6456080581
24.6456068456
24.6456056284
24.6456044066
24.6456031798
24.6456019481
24.6456007112
24.6455994689
24.6455982213
24.645596968
24.645595709
24.6455944441
24.6455931731
24.6455918958
24.6455906121
24.6455893219
24.6455880248
24.6455867208
24.6455854096
24.645584091
24.6455827649
24.645581431
24.6455800891
24.6455787389
24.6455773804
24.6455760131
24.6455746369
24.6455732514
24.6455718566
24.645570452
24.6455690374
24.6455676125
24.645566177
24.6455647306
24.645563273
24.6455618038
24.6455603228
24.6455588295
24.6455573236
24.6455558047
24.6455542725
24.6455527264
24.6455511662
24.6455495913
24.6455480013
24.6455463958
24.6455447742
24.645543136
24.6455414808
24.6455398079
24.6455381168
24.6455364069
24.6455346775
24.6455329281
24.645531158
24.6455293664
24.6455275527
24.645525716
24.6455238557
24.6455219707
24.6455200604
24.6455181237
24.6455161598
24.6455141676
24.6455121461
24.6455100942
24.6455080108
24.6455058947
24.6455037446
24.6455015592
24.6454993372
24.645497077
24.6454947772
24.6454924361
24.645490052
24.6454876232
24.6454851478
24.6454826238
24.645480049
24.6454774213
24.6454747383
24.6454719976
24.6454691964
24.645466332
24.6454634015
24.6454604016
24.6454573291
24.6454541804
24.6454509516
24.6454476387
24.6454442374
24.6454407431
24.6454371509
24.6454334553
24.6454296509
24.6454257314
24.6454216904
24.6454175207
24.6454132149
24.6454087646
24.645404161
24.6453993946
24.6453944549
24.6453893307
24.6453840097
24.6453784785
24.6453727224
24.6453667256
24.6453604705
24.645353938
24.6453471068
24.6453399536
24.6453324527
24.6453245754
24.6453162901
24.6453075613
24.6452983494
24.6452886102
24.6452782937
24.6452673438
24.6452556967
24.6452432801
24.6452300112
24.6452157953
24.6452005235
24.6451840694
24.6451662864
24.6451470028
24.6451260166
24.6451030885
24.6450779335
24.6450502089
24.6450194996
24.6449852986
24.6449469802
24.644903764
24.6448546661
24.6447984288
24.6447334228
24.6446575033
24.6445677977
24.6444603827
24.6443297823
24.6441681656
24.6439640263
24.6436999453
24.6433486938
24.6428663047
24.6421797843
24.6411667226
24.6396303857
24.6373127423
24.6340960828
24.6304578343
24.6273296708
24.6250835059
24.62351694
24.6223813887
24.6215173548
24.6208310647
24.620266247
24.619787663
24.6193722517
24.6190043015
24.6186727191
24.6183694214
24.6180883517
24.6178248544
24.6175752656
24.617336637
24.6171065435
24.6168829465
24.6166640939
24.6164484447
24.6162346112
24.6160213124
24.6158073357
24.6155915036
24.6153726433
24.6151495578
24.6149209965
24.6146856241
24.6144419851
24.6141884637
24.6139232346
24.6136442027
24.6133489265
24.6130345192
24.6126975179
24.6123337084
24.6119378839
24.6115035075
24.6110222294
24.6104831766
24.6098718802
24.609168602
24.6083456223
24.6073626482
24.6061586168
24.6046360894
24.6026290469
24.5998291241
24.5955907547
24.5882927945
24.5722401727
24.5053706272
24.2813913814
24.1725191813
24.1983533235
24.2132683458
24.2259013173
24.2472024025
24.2451123206
24.2058803742
23.7634138793
23.6478318843
23.641263428
23.6391340293
23.638288553
23.6379456387
23.637812363
23.6377684638
23.6377629697
23.6377738293
23.6377913358
23.6378111502
23.6378313105
23.6378509283
23.637869611
23.6378872007
23.6379036531
23.6379189802
23.6379332216
23.6379464304
23.6379586655
23.6379699871
23.6379804549
23.6379901268
23.6379990578
23.6380073001
23.6380149028
23.6380219117
23.63802837
23.6380343178
23.6380397922
23.6380448282
23.6380494579
23.6380537113
23.6380576163
23.6380611987
23.6380644824
23.6380674897
23.6380702411
23.6380727558
23.6380750513
23.6380771441
23.6380790493
23.6380807809
23.638082352
23.6380837747
23.63808506
23.6380862182
23.638087259
23.6380881911
23.6380890227
23.6380897614
23.6380904141
23.6380909875
23.6380914873
23.6380919192
23.6380922883
23.6380925993
23.6380928566
23.6380930643
23.6380932261
23.6380933455
23.6380934257
23.6380934695
23.6380934799
23.6380934593
23.6380934101
23.6380933343
23.6380932341
23.6380931113
23.6380929676
23.6380928045
23.6380926236
23.6380924261
23.6380922134
23.6380919865
23.6380917467
23.6380914948
23.6380912317
23.6380909583
23.6380906754
23.6380903838
23.638090084
23.6380897766
23.6380894624
23.6380891417
23.6380888151
23.638088483
23.6380881458
23.638087804
23.6380874578
23.6380871076
23.6380867538
23.6380863965
23.638086036
23.6380856727
23.6380853066
23.6380849381
23.6380845672
23.6380841943
23.6380838193
23.6380834426
23.6380830641
23.6380826841
23.6380823027
23.63808192
23.638081536
23.6380811509
23.6380807647
23.6380803776
23.6380799895
23.6380796007
23.638079211
23.6380788207
23.6380784297
23.6380780381
23.6380776459
23.6380772533
23.6380768601
23.6380764665
23.6380760725
23.638075678
23.6380752833
23.6380748882
23.6380744928
23.6380740971
23.6380737012
23.638073305
23.6380729086
23.6380725119
23.6380721151
23.6380717181
23.6380713209
23.6380709236
23.6380705261
23.6380701284
23.6380697307
23.6380693328
23.6380689348
23.6380685366
23.6380681384
23.6380677401
23.6380673417
23.6380669432
23.6380665446
23.6380661459
23.6380657472
23.6380653484
23.6380649495
23.6380645505
23.6380641515
23.6380637524
23.6380633533
23.6380629541
23.6380625548
23.6380621555
23.6380617561
23.6380613567
23.6380609572
23.6380605577
23.6380601581
23.6380597585
23.6380593588
23.638058959
23.6380585592
23.6380581594
23.6380577595
23.6380573596
23.6380569596
23.6380565595
23.6380561595
23.6380557593
23.6380553591
23.6380549589
23.6380545586
23.6380541583
23.6380537579
23.6380533574
23.6380529569
23.6380525564
23.6380521558
23.6380517551
23.6380513544
23.6380509536
23.6380505528
23.6380501519
23.638049751
23.63804935
23.6380489489
23.6380485478
23.6380481466
23.6380477454
23.6380473441
23.6380469428
23.6380465413
23.6380461399
23.6380457383
23.6380453367
23.6380449351
23.6380445333
23.6380441315
23.6380437297
23.6380433277
23.6380429257
23.6380425237
23.6380421215
23.6380417193
23.638041317
23.6380409147
23.6380405123
23.6380401098
23.6380397072
23.6380393045
23.6380389018
23.638038499
23.6380380961
23.6380376932
23.6380372902
23.6380368871
23.6380364839
23.6380360806
23.6380356772
23.6380352738
23.6380348703
23.6380344667
23.638034063
23.6380336592
