36.8223402837
36.8292887183
36.838849603
36.8634029013
36.8775257277
36.8831287771
36.8861996616
36.888267126
36.8898261694
36.8910762318
36.8921098742
36.8929756372
36.8937032638
36.8943146
36.8948279791
36.8952595731
36.8956235736
36.8959321275
36.8961953677
36.8964215816
36.8966174606
36.8967883718
36.8969386106
36.8970716192
36.8971901652
36.897296485
36.8973923961
36.897479385
36.8975586751
36.89763128
36.8976980449
36.8977596787
36.89781678
36.897869857
36.8979193435
36.897965612
36.8980089837
36.8980497371
36.8980881149
36.8981243294
36.8981585673
36.898190993
36.8982217526
36.8982509758
36.8982787784
36.8983052643
36.8983305269
36.8983546502
36.8983777107
36.8983997773
36.8984209133
36.8984411761
36.8984606185
36.8984792888
36.8984972316
36.898514488
36.898531096
36.8985470909
36.8985625054
36.8985773699
36.8985917129
36.8986055608
36.8986189384
36.8986318689
36.8986443742
36.8986564746
36.8986681895
36.8986795369
36.8986905338
36.8987011965
36.89871154
36.8987215788
36.8987313264
36.8987407958
36.898749999
36.8987589477
36.8987676527
36.8987761246
36.8987843731
36.8987924076
36.8988002371
36.8988078701
36.8988153145
36.8988225781
36.8988296682
36.8988365918
36.8988433556
36.8988499657
36.8988564284
36.8988627494
36.8988689341
36.8988749878
36.8988809157
36.8988867224
36.8988924126
36.8988979907
36.8989034609
36.8989088272
36.8989140935
36.8989192634
36.8989243406
36.8989293284
36.8989342301
36.8989390488
36.8989437876
36.8989484493
36.8989530366
36.8989575524
36.8989619991
36.8989663791
36.898970695
36.898974949
36.8989791432
36.8989832798
36.898987361
36.8989913885
36.8989953644
36.8989992906
36.8990031687
36.8990070005
36.8990107878
36.899014532
36.8990182348
36.8990218977
36.8990255222
36.8990291096
36.8990326615
36.899036179
36.8990396636
36.8990431164
36.8990465388
36.8990499319
36.8990532969
36.899056635
36.8990599472
36.8990632347
36.8990664985
36.8990697396
36.8990729591
36.8990761579
36.8990793371
36.8990824975
36.8990856402
36.8990887659
36.8990918757
36.8990949704
36.8990980509
36.899101118
36.8991041725
36.8991072154
36.8991102473
36.8991132692
36.8991162819
36.899119286
36.8991222824
36.8991252719
36.8991282552
36.899131233
36.8991342063
36.8991371756
36.8991401417
36.8991431054
36.8991460674
36.8991490284
36.8991519892
36.8991549505
36.899157913
36.8991608774
36.8991638446
36.8991668151
36.8991697898
36.8991727693
36.8991757545
36.899178746
36.8991817446
36.899184751
36.899187766
36.8991907904
36.8991938248
36.8991968701
36.8991999271
36.8992029965
36.8992060791
36.8992091758
36.8992122873
36.8992154145
36.8992185582
36.8992217192
36.8992248984
36.8992280968
36.8992313151
36.8992345542
36.8992378152
36.8992410989
36.8992444062
36.8992477383
36.899251096
36.8992544803
36.8992578923
36.8992613331
36.8992648038
36.8992683053
36.899271839
36.8992754059
36.8992790072
36.8992826442
36.899286318
36.8992900301
36.8992937816
36.899297574
36.8993014087
36.899305287
36.8993092105
36.8993131807
36.8993171991
36.8993212673
36.8993253871
36.8993295601
36.899333788
36.8993380728
36.8993424163
36.8993468204
36.8993512872
36.8993558187
36.8993604171
36.8993650846
36.8993698235
36.8993746363
36.8993795253
36.8993844932
36.8993895426
36.8993946763
36.8993998972
36.8994052082
36.8994106124
36.8994161131
36.8994217136
36.8994274174
36.8994332281
36.8994391495
36.8994451855
36.8994513403
36.899457618
36.8994640231
36.8994705604
36.8994772346
36.8994840508
36.8994910144
36.8994981307
36.8995054057
36.8995128454
36.8995204561
36.8995282444
36.8995362173
36.8995443821
36.8995527462
36.8995613179
36.8995701053
36.8995791174
36.8995883632
36.8995978525
36.8996075955
36.8996176028
36.8996278855
36.8996384556
36.8996493253
36.8996605077
36.8996720164
36.8996838658
36.8996960709
36.8997086478
36.899721613
36.8997349841
36.8997487796
36.8997630188
36.899777722
36.8997929106
36.8998086069
36.8998248344
36.8998416176
36.8998589822
36.899876955
36.899895564
36.8999148381
36.8999348075
36.8999555035
36.8999769583
36.8999992051
36.9000222777
36.9000462106
36.9000710389
36.9000967976
36.9001235216
36.9001512452
36.9001800019
36.9002098232
36.9002407387
36.9002727751
36.900305955
36.9003402964
36.9003758115
36.9004125057
36.9004503761
36.9004894105
36.9005295862
36.9005708687
36.9006132104
36.9006565502
36.9007008123
36.9007459062
36.9007917263
36.900838153
36.9008850534
36.9009322827
36.9009796866
36.9010271038
36.9010743689
36.9011213155
36.9011677798
36.9012136041
36.9012586393
36.9013027482
36.9013458078
36.9013877105
36.901428366
36.9014677012
36.9015056602
36.9015422042
36.9015773099
36.9016109686
36.9016431845
36.9016739732
36.9017033597
36.901731377
36.9017580647
36.9017834671
36.901807632
36.90183061
36.9018524528
36.901873213
36.901892943
36.9019116945
36.9019295182
36.9019464633
36.9019625773
36.901977906
36.9019924931
36.90200638
36.9020196065
36.90203221
36.9020442258
36.9020556874
36.9020666264
36.9020770723
36.9020870531
36.9020965949
36.9021057222
36.9021144582
36.9021228245
36.9021308413
36.9021385278
36.9021459016
36.9021529796
36.9021597775
36.9021663099
36.9021725907
36.9021786329
36.9021844486
36.9021900492
36.9021954455
36.9022006476
36.902205665
36.9022105066
36.9022151809
36.9022196957
36.9022240585
36.9022282764
36.902232356
36.9022363035
36.9022401248
36.9022438257
36.9022474112
36.9022508865
36.9022542562
36.9022575248
36.9022606966
36.9022637755
36.9022667654
36.9022696699
36.9022724924
36.9022752362
36.9022779043
36.9022804996
36.9022830251
36.9022854833
36.9022878768
36.9022902079
36.902292479
36.9022946923
36.9022968498
36.9022989536
36.9023010055
36.9023030073
36.9023049609
36.9023068678
36.9023087296
36.9023105479
36.902312324
36.9023140595
36.9023157556
36.9023174135
36.9023190346
36.9023206199
36.9023221707
36.9023236879
36.9023251727
36.902326626
36.9023280487
36.9023294418
36.9023308062
36.9023321427
36.9023334521
36.9023347352
36.9023359928
36.9023372256
36.9023384342
36.9023396195
36.9023407819
36.9023419222
36.902343041
36.9023441388
36.9023452161
36.9023462736
36.9023473118
36.9023483312
36.9023493322
36.9023503153
36.902351281
36.9023522298
36.902353162
36.902354078
36.9023549784
36.9023558634
36.9023567334
36.9023575888
36.9023584299
36.9023592572
36.9023600708
36.9023608712
36.9023616586
36.9023624334
36.9023631958
36.9023639461
36.9023646845
36.9023654115
36.9023661272
36.9023668318
36.9023675256
36.9023682089
36.9023688818
36.9023695446
36.9023701976
36.9023708408
36.9023714746
36.9023720991
36.9023727146
36.9023733211
36.902373919
36.9023745083
36.9023750892
36.902375662
36.9023762267
36.9023767836
36.9023773327
36.9023778743
36.9023784085
36.9023789355
36.9023794553
36.9023799681
36.9023804741
36.9023809733
36.902381466
36.9023819522
36.902382432
36.9023829056
36.9023833731
36.9023838346
36.9023842901
36.9023847399
36.9023851841
36.9023856226
36.9023860556
36.9023864833
36.9023869057
36.9023873228
36.9023877349
36.9023881419
36.9023885441
36.9023889413
36.9023893338
36.9023897217
36.9023901049
36.9023904836
36.9023908578
36.9023912277
36.9023915932
36.9023919546
36.9023923117
36.9023926648
36.9023930138
36.9023933589
36.9023937001
36.9023940374
36.9023943709
36.9023947008
36.902395027
36.9023953495
36.9023956686
36.9023959841
36.9023962962
36.9023966049
36.9023969103
36.9023972124
36.9023975113
36.902397807
36.9023980995
36.902398389
36.9023986754
36.9023989588
36.9023992393
36.9023995169
36.9023997916
36.9024000635
36.9024003325
36.9024005989
36.9024008625
36.9024011235
36.9024013818
36.9024016376
36.9024018908
36.9024021415
36.9024023897
36.9024026354
36.9024028788
36.9024031197
36.9024033583
36.9024035946
36.9024038286
36.9024040604
36.9024042899
36.9024045173
36.9024047424
36.9024049655
36.9024051864
36.9024054053
36.9024056221
36.9024058369
36.9024060497
36.9024062605
36.9024064693
36.9024066763
36.9024068813
36.9024070845
36.9024072859
36.9024074854
36.9024076831
36.9024078791
36.9024080732
36.9024082657
36.9024084564
36.9024086455
36.9024088329
36.9024090186
36.9024092027
36.9024093852
36.9024095661
36.9024097455
36.9024099233
36.9024100996
36.9024102743
36.9024104476
36.9024106194
36.9024107897
36.9024109586
36.9024111261
36.9024112921
36.9024114568
36.9024116201
36.902411782
36.9024119426
36.9024121019
36.9024122599
36.9024124166
36.9024125719
36.9024127261
36.9024128789
36.9024130306
36.902413181
36.9024133302
36.9024134782
36.902413625
36.9024137707
36.9024139152
36.9024140586
36.9024142008
36.9024143419
36.9024144819
36.9024146208
36.9024147587
36.9024148954
36.9024150311
36.9024151658
36.9024152994
36.9024154321
36.9024155636
36.9024156942
36.9024158238
36.9024159525
36.9024160801
36.9024162068
36.9024163326
36.9024164574
36.9024165813
36.9024167042
36.9024168263
36.9024169474
36.9024170677
36.9024171871
36.9024173056
36.9024174232
36.90241754
36.9024176559
36.9024177711
36.9024178853
36.9024179988
36.9024181114
36.9024182233
36.9024183343
36.9024184446
36.9024185541
36.9024186628
36.9024187707
36.9024188779
36.9024189843
36.90241909
36.902419195
36.9024192992
36.9024194027
36.9024195055
36.9024196076
36.902419709
36.9024198097
36.9024199098
36.9024200091
36.9024201078
36.9024202058
36.9024203031
36.9024203998
36.9024204958
36.9024205912
36.902420686
36.9024207801
36.9024208736
36.9024209665
36.9024210588
36.9024211505
36.9024212416
36.9024213321
36.902421422
36.9024215113
36.9024216
36.9024216882
36.9024217758
36.9024218628
36.9024219493
36.9024220352
36.9024221206
36.9024222054
36.9024222897
36.9024223734
36.9024224567
36.9024225394
36.9024226216
36.9024227033
36.9024227844
36.9024228651
36.9024229453
36.9024230249
36.9024231041
36.9024231828
36.902423261
36.9024233387
36.902423416
36.9024234928
36.9024235691
36.902423645
36.9024237204
36.9024237953
36.9024238698
36.9024239438
36.9024240175
36.9024240906
36.9024241634
36.9024242357
36.9024243075
36.902424379
36.90242445
36.9024245206
36.9024245908
36.9024246606
36.90242473
36.902424799
36.9024248675
36.9024249357
36.9024250035
36.9024250709
36.9024251379
36.9024252046
36.9024252708
36.9024253367
36.9024254022
36.9024254673
36.9024255321
36.9024255964
36.9024256605
36.9024257241
36.9024257875
36.9024258504
36.902425913
36.9024259753
36.9024260372
36.9024260988
36.90242616
36.9024262209
36.9024262815
36.9024263417
36.9024264016
36.9024264612
36.9024265204
36.9024265794
36.902426638
36.9024266963
36.9024267543
36.9024268119
36.9024268693
36.9024269264
36.9024269831
36.9024270396
36.9024270957
36.9024271516
36.9024272071
36.9024272624
36.9024273173
36.902427372
36.9024274264
36.9024274805
36.9024275344
36.9024275879
36.9024276412
36.9024276942
36.9024277469
36.9024277994
36.9024278516
36.9024279035
36.9024279551
36.9024280065
36.9024280576
36.9024281085
36.9024281591
36.9024282095
36.9024282596
36.9024283094
36.902428359
36.9024284084
36.9024284575
36.9024285063
36.9024285549
36.9024286033
36.9024286514
36.9024286993
36.902428747
36.9024287944
36.9024288416
36.9024288886
36.9024289353
36.9024289818
36.9024290281
36.9024290741
36.9024291199
36.9024291655
36.9024292109
36.9024292561
36.902429301
36.9024293458
36.9024293903
36.9024294346
36.9024294787
36.9024295226
36.9024295663
36.9024296097
36.902429653
36.9024296961
36.9024297389
36.9024297816
36.902429824
36.9024298663
36.9024299084
36.9024299502
36.9024299919
36.9024300334
36.9024300747
36.9024301158
36.9024301567
36.9024301974
36.9024302379
36.9024302783
36.9024303185
36.9024303584
36.9024303982
36.9024304379
36.9024304773
36.9024305166
36.9024305556
36.9024305946
36.9024306333
36.9024306719
36.9024307102
36.9024307485
36.9024307865
36.9024308244
36.9024308621
36.9024308996
36.902430937
36.9024309742
36.9024310113
36.9024310482
36.9024310849
36.9024311215
36.9024311579
36.9024311941
36.9024312302
36.9024312662
36.9024313019
36.9024313376
36.902431373
36.9024314083
36.9024314435
36.9024314785
36.9024315134
36.9024315481
36.9024315827
36.9024316171
36.9024316514
36.9024316855
36.9024317195
36.9024317533
36.902431787
36.9024318206
36.902431854
36.9024318873
36.9024319204
36.9024319534
36.9024319863
36.902432019
36.9024320516
36.9024320841
36.9024321164
36.9024321486
36.9024321807
36.9024322126
36.9024322444
36.902432276
36.9024323076
36.902432339
36.9024323703
36.9024324014
36.9024324325
36.9024324634
36.9024324941
36.9024325248
36.9024325553
36.9024325857
36.902432616
36.9024326462
36.9024326762
36.9024327061
36.902432736
36.9024327656
36.9024327952
36.9024328247
36.902432854
36.9024328832
36.9024329123
36.9024329413
36.9024329702
36.902432999
36.9024330276
36.9024330562
36.9024330846
36.9024331129
36.9024331411
36.9024331692
36.9024331972
36.9024332251
36.9024332529
36.9024332806
36.9024333081
36.9024333356
36.902433363
36.9024333902
36.9024334174
36.9024334444
36.9024334714
36.9024334982
36.9024335249
36.9024335516
36.9024335781
36.9024336046
36.9024336309
36.9024336571
36.9024336833
36.9024337093
36.9024337353
36.9024337611
36.9024337869
36.9024338125
36.9024338381
36.9024338636
36.902433889
36.9024339142
36.9024339394
36.9024339645
36.9024339895
36.9024340145
36.9024340393
36.902434064
36.9024340887
36.9024341132
36.9024341377
36.9024341621
36.9024341864
36.9024342106
36.9024342347
36.9024342587
36.9024342827
36.9024343065
36.9024343303
36.902434354
36.9024343776
36.9024344011
36.9024344245
36.9024344479
36.9024344712
36.9024344943
36.9024345175
36.9024345405
36.9024345634
36.9024345863
36.9024346091
36.9024346318
36.9024346544
36.9024346769
36.9024346994
36.9024347218
36.9024347441
36.9024347664
36.9024347885
36.9024348106
36.9024348326
36.9024348545
36.9024348764
36.9024348982
36.9024349199
36.9024349415
36.9024349631
36.9024349845
36.902435006
36.9024350273
36.9024350486
36.9024350698
36.9024350909
36.9024351119
36.9024351329
36.9024351538
36.9024351747
36.9024351954
36.9024352161
36.9024352368
36.9024352573
36.9024352778
36.9024352982
36.9024353186
36.9024353389
36.9024353591
36.9024353793
36.9024353994
36.9024354194
36.9024354393
36.9024354592
36.9024354791
