21.5767422438
21.7702354614
21.7173300704
21.8182714505
21.9299788669
22.0244451722
22.0973692015
22.1516587177
22.1781159509
22.1374872424
22.0982473752
22.0996938348
22.0729339889
22.0361041766
22.0347694111
22.0349774675
22.0344953225
22.0345724092
22.0343758693
22.0343275048
22.0342765049
22.0342353511
22.0342162044
22.0342030404
22.0342083938
22.0342268937
22.0342608368
22.0343083772
22.0343684492
22.0344393844
22.0345194998
22.0346071006
22.0347005715
22.0347984186
22.0348992952
22.0350020119
22.035105537
22.0352089902
22.0353116319
22.0354128508
22.0355121497
22.0356091319
22.0357034879
22.0357949832
22.0358834468
22.0359687613
22.0360508538
22.0361296887
22.0362052604
22.0362775879
22.0363467098
22.0364126803
22.0364755655
22.0365354408
22.0365923883
22.0366464948
22.0366978504
22.0367465468
22.0367926764
22.0368363315
22.0368776037
22.0369165829
22.0369533573
22.036988013
22.0370206338
22.0370513006
22.0370800921
22.0371070839
22.037132349
22.0371559576
22.0371779773
22.0371984726
22.0372175059
22.0372351366
22.0372514217
22.0372664159
22.0372801715
22.0372927383
22.0373041644
22.0373144953
22.0373237749
22.037332045
22.0373393456
22.0373457149
22.0373511895
22.0373558044
22.0373595931
22.0373625875
22.0373648182
22.0373663146
22.0373671046
22.0373672151
22.0373666718
22.0373654993
22.037363721
22.0373613597
22.0373584369
22.0373549733
22.0373509888
22.0373465024
22.0373415324
22.0373360963
22.037330211
22.0373238926
22.0373171566
22.0373100178
22.0373024905
22.0372945886
22.0372863251
22.0372777128
22.0372687639
22.03725949
22.0372499025
22.0372400123
22.0372298297
22.0372193649
22.0372086274
22.0371976268
22.0371863719
22.0371748714
22.0371631336
22.0371511666
22.0371389782
22.0371265758
22.0371139666
22.0371011577
22.0370881557
22.0370749671
22.0370615982
22.037048055
22.0370343434
22.037020469
22.0370064372
22.0369922534
22.0369779227
22.0369634499
22.0369488398
22.036934097
22.0369192261
22.0369042312
22.0368891166
22.0368738863
22.0368585442
22.0368430942
22.0368275398
22.0368118846
22.0367961321
22.0367802856
22.0367643484
22.0367483235
22.036732214
22.0367160228
22.0366997529
22.0366834069
22.0366669876
22.0366504975
22.0366339392
22.0366173152
22.0366006277
22.0365838792
22.0365670719
22.0365502079
22.0365332894
22.0365163184
22.036499297
22.036482227
22.0364651103
22.0364479489
22.0364307444
22.0364134985
22.0363962131
22.0363788897
22.0363615298
22.0363441352
22.0363267071
22.0363092472
22.0362917569
22.0362742375
22.0362566903
22.0362391168
22.0362215181
22.0362038955
22.0361862503
22.0361685836
22.0361508965
22.0361331902
22.0361154658
22.0360977243
22.0360799668
22.0360621943
22.0360444077
22.036026608
22.0360087962
22.0359909731
22.0359731397
22.0359552968
22.0359374452
22.0359195859
22.0359017195
22.0358838469
22.0358659688
22.035848086
22.0358301992
22.0358123091
22.0357944164
22.0357765218
22.0357586259
22.0357407294
22.0357228329
22.0357049371
22.0356870425
22.0356691497
22.0356512593
22.0356333718
22.0356154879
22.0355976079
22.0355797326
22.0355618623
22.0355439975
22.0355261388
22.0355082866
22.0354904414
22.0354726036
22.0354547737
22.0354369522
22.0354191394
22.0354013357
22.0353835417
22.0353657576
22.0353479838
22.0353302208
22.0353124689
22.0352947285
22.0352769999
22.0352592836
22.0352415797
22.0352238887
22.0352062109
22.0351885466
22.0351708962
22.0351532598
22.035135638
22.0351180308
22.0351004387
22.0350828619
22.0350653006
22.0350477552
22.035030226
22.0350127131
22.0349952169
22.0349777376
22.0349602754
22.0349428305
22.0349254034
22.034907994
22.0348906027
22.0348732298
22.0348558753
22.0348385396
22.0348212228
22.0348039252
22.034786647
22.0347693882
22.0347521493
22.0347349302
22.0347177313
22.0347005528
22.0346833947
22.0346662572
22.0346491406
22.034632045
22.0346149706
22.0345979176
22.034580886
22.0345638762
22.0345468881
22.034529922
22.0345129781
22.0344960564
22.0344791571
22.0344622804
22.0344454264
22.0344285952
22.034411787
22.0343950019
22.03437824
22.0343615015
22.0343447865
22.0343280951
22.0343114274
22.0342947836
22.0342781637
22.034261568
22.0342449964
22.0342284491
22.0342119262
22.0341954279
22.0341789542
22.0341625052
22.0341460811
22.0341296818
22.0341133077
22.0340969586
22.0340806348
22.0340643362
22.0340480631
22.0340318155
22.0340155935
22.0339993971
22.0339832265
22.0339670817
22.0339509629
22.03393487
22.0339188033
22.0339027627
22.0338867483
22.0338707602
22.0338547986
22.0338388634
22.0338229547
22.0338070726
22.0337912172
22.0337753886
22.0337595867
22.0337438117
22.0337280637
22.0337123426
22.0336966486
22.0336809817
22.033665342
22.0336497295
22.0336341444
22.0336185865
22.0336030561
22.0335875531
22.0335720777
22.0335566298
22.0335412095
22.0335258169
22.033510452
22.0334951149
22.0334798056
22.0334645241
22.0334492706
22.033434045
22.0334188473
22.0334036777
22.0333885362
22.0333734228
22.0333583376
22.0333432805
22.0333282517
22.0333132511
22.0332982788
22.0332833349
22.0332684193
22.0332535322
22.0332386735
22.0332238433
22.0332090415
22.0331942683
22.0331795237
22.0331648077
22.0331501203
22.0331354615
22.0331208314
22.03310623
22.0330916574
22.0330771135
22.0330625983
22.033048112
22.0330336545
22.0330192258
22.033004826
22.0329904551
22.0329761131
22.0329618
22.0329475159
22.0329332607
22.0329190345
22.0329048372
22.032890669
22.0328765298
22.0328624197
22.0328483386
22.0328342865
22.0328202636
22.0328062697
22.0327923049
22.0327783692
22.0327644627
22.0327505852
22.0327367369
22.0327229178
22.0327091278
22.0326953669
22.0326816353
22.0326679328
22.0326542594
22.0326406153
22.0326270003
22.0326134145
22.0325998579
22.0325863305
22.0325728323
22.0325593633
22.0325459235
22.0325325128
22.0325191314
22.0325057792
22.0324924561
22.0324791622
22.0324658976
22.0324526621
22.0324394557
22.0324262786
22.0324131306
22.0324000118
22.0323869222
22.0323738617
22.0323608303
22.0323478281
22.032334855
22.032321911
22.0323089962
22.0322961104
22.0322832538
22.0322704262
22.0322576277
22.0322448582
22.0322321179
22.0322194065
22.0322067242
22.0321940708
22.0321814465
22.0321688512
22.0321562848
22.0321437474
22.0321312389
22.0321187594
22.0321063088
22.032093887
22.0320814941
22.0320691301
22.0320567949
22.0320444886
22.032032211
22.0320199622
22.0320077422
22.0319955509
22.0319833884
22.0319712546
22.0319591494
22.0319470729
22.031935025
22.0319230058
22.0319110151
22.031899053
22.0318871195
22.0318752144
22.0318633379
22.0318514899
22.0318396703
22.0318278791
22.0318161163
22.0318043819
22.0317926758
22.0317809981
22.0317693486
22.0317577274
22.0317461344
22.0317345697
22.0317230331
22.0317115247
22.0317000444
22.0316885922
22.0316771681
22.031665772
22.0316544039
22.0316430637
22.0316317515
22.0316204672
22.0316092108
22.0315979823
22.0315867815
22.0315756086
22.0315644634
22.0315533459
22.031542256
22.0315311939
22.0315201593
22.0315091524
22.0314981729
22.031487221
22.0314762966
22.0314653996
22.03145453
22.0314436878
22.0314328729
22.0314220853
22.031411325
22.0314005919
22.031389886
22.0313792073
22.0313685556
22.0313579311
22.0313473335
22.031336763
22.0313262194
22.0313157028
22.031305213
22.0312947501
22.031284314
22.0312739046
22.031263522
22.0312531661
22.0312428368
22.0312325341
22.031222258
22.0312120084
22.0312017853
22.0311915886
22.0311814183
22.0311712744
22.0311611568
22.0311510655
22.0311410004
22.0311309615
22.0311209488
22.0311109622
22.0311010016
22.031091067
22.0310811585
22.0310712758
22.0310614191
22.0310515882
22.0310417831
22.0310320038
22.0310222502
22.0310125222
22.0310028199
22.0309931432
22.030983492
22.0309738663
22.030964266
22.0309546912
22.0309451417
22.0309356175
22.0309261186
22.030916645
22.0309071965
22.0308977731
22.0308883748
22.0308790016
22.0308696534
22.0308603301
22.0308510317
22.0308417581
22.0308325094
22.0308232854
22.0308140862
22.0308049116
22.0307957617
22.0307866363
22.0307775354
22.0307684591
22.0307594071
22.0307503796
22.0307413764
22.0307323975
22.0307234428
22.0307145123
22.030705606
22.0306967238
22.0306878656
22.0306790315
22.0306702213
22.030661435
22.0306526725
22.0306439339
22.0306352191
22.030626528
22.0306178605
22.0306092167
22.0306005964
22.0305919997
22.0305834264
22.0305748766
22.0305663501
22.030557847
22.0305493672
22.0305409106
22.0305324771
22.0305240668
22.0305156797
22.0305073155
22.0304989743
22.0304906561
22.0304823608
22.0304740883
22.0304658386
22.0304576116
22.0304494074
22.0304412258
22.0304330668
22.0304249303
22.0304168163
22.0304087248
22.0304006557
22.030392609
22.0303845845
22.0303765823
22.0303686024
22.0303606445
22.0303527088
22.0303447952
22.0303369035
22.0303290338
22.0303211861
22.0303133602
22.0303055561
22.0302977738
22.0302900132
22.0302822742
22.0302745569
22.0302668611
22.0302591869
22.0302515341
22.0302439028
22.0302362929
22.0302287042
22.0302211369
22.0302135907
22.0302060658
22.030198562
22.0301910792
22.0301836175
22.0301761768
22.030168757
22.0301613581
22.0301539801
22.0301466228
22.0301392863
22.0301319704
22.0301246752
22.0301174006
22.0301101466
22.0301029131
22.0300957
22.0300885073
22.0300813349
22.0300741829
22.0300670511
22.0300599396
22.0300528482
22.0300457769
22.0300387257
22.0300316945
22.0300246833
22.030017692
22.0300107205
22.0300037689
22.0299968371
22.0299899251
22.0299830327
22.0299761599
22.0299693067
22.0299624731
22.029955659
22.0299488643
22.029942089
22.0299353331
22.0299285965
22.0299218791
22.029915181
22.029908502
22.0299018422
22.0298952014
22.0298885796
22.0298819769
22.029875393
22.0298688281
22.029862282
22.0298557547
22.0298492461
22.0298427562
22.029836285
22.0298298324
22.0298233984
22.0298169829
22.0298105859
22.0298042072
22.029797847
22.0297915051
22.0297851815
22.0297788762
22.029772589
22.02976632
22.0297600691
22.0297538363
22.0297476214
22.0297414246
22.0297352457
22.0297290847
22.0297229415
22.0297168161
22.0297107084
22.0297046185
22.0296985462
22.0296924916
22.0296864545
22.0296804349
22.0296744328
22.0296684482
22.029662481
22.0296565311
22.0296505985
22.0296446832
22.0296387851
22.0296329042
22.0296270404
22.0296211937
22.0296153641
22.0296095515
22.0296037558
22.0295979771
22.0295922152
22.0295864701
22.0295807419
22.0295750304
22.0295693356
22.0295636575
22.029557996
22.029552351
22.0295467226
22.0295411107
22.0295355153
22.0295299362
22.0295243735
22.0295188272
22.0295132971
22.0295077833
22.0295022857
22.0294968042
22.0294913389
22.0294858897
22.0294804564
22.0294750392
22.0294696379
22.0294642526
22.0294588831
22.0294535294
22.0294481916
22.0294428695
22.0294375631
22.0294322724
22.0294269973
22.0294217378
22.0294164938
22.0294112654
22.0294060524
22.0294008549
22.0293956727
22.0293905059
22.0293853545
22.0293802182
22.0293750973
22.0293699915
22.0293649009
22.0293598254
22.0293547649
22.0293497196
22.0293446892
22.0293396737
22.0293346732
22.0293296876
22.0293247169
22.0293197609
22.0293148197
22.0293098933
22.0293049815
22.0293000844
22.0292952019
22.029290334
22.0292854806
22.0292806418
22.0292758174
22.0292710075
22.0292662119
22.0292614307
22.0292566638
22.0292519112
22.0292471729
22.0292424487
22.0292377388
22.0292330429
22.0292283612
22.0292236935
22.0292190399
22.0292144002
22.0292097746
22.0292051628
22.0292005649
22.0291959809
22.0291914106
22.0291868542
22.0291823115
22.0291777825
22.0291732671
22.0291687654
22.0291642773
22.0291598028
22.0291553418
22.0291508943
22.0291464603
22.0291420396
22.0291376324
22.0291332385
22.029128858
22.0291244907
22.0291201367
22.0291157959
22.0291114683
22.0291071539
22.0291028526
22.0290985643
22.0290942891
22.0290900269
22.0290857777
22.0290815415
22.0290773182
22.0290731077
22.0290689101
22.0290647253
22.0290605534
22.0290563941
22.0290522476
22.0290481138
22.0290439926
22.029039884
22.0290357881
22.0290317046
22.0290276338
22.0290235754
22.0290195294
22.0290154959
22.0290114748
22.0290074661
22.0290034697
22.0289994855
22.0289955137
22.0289915541
22.0289876067
22.0289836715
22.0289797484
22.0289758375
22.0289719386
22.0289680518
22.028964177
22.0289603141
22.0289564633
22.0289526244
22.0289487973
22.0289449822
22.0289411789
22.0289373874
22.0289336076
22.0289298396
22.0289260834
22.0289223388
22.0289186059
22.0289148846
22.0289111749
22.0289074768
22.0289037902
22.0289001151
22.0288964515
22.0288927994
22.0288891587
22.0288855294
22.0288819114
22.0288783048
22.0288747095
22.0288711255
22.0288675527
22.0288639911
22.0288604407
22.0288569015
22.0288533735
22.0288498565
22.0288463506
22.0288428558
22.028839372
22.0288358992
22.0288324374
22.0288289865
22.0288255465
22.0288221174
22.0288186992
22.0288152918
22.0288118952
22.0288085094
22.0288051343
22.0288017699
22.0287984163
22.0287950733
22.0287917409
22.0287884192
22.0287851081
22.0287818075
22.0287785174
22.0287752379
22.0287719688
22.0287687102
22.0287654621
22.0287622243
22.0287589969
22.0287557799
22.0287525732
22.0287493768
22.0287461906
22.0287430147
22.0287398491
22.0287366936
22.0287335483
22.0287304131
22.0287272881
22.0287241732
22.0287210683
22.0287179735
22.0287148887
22.0287118139
22.028708749
22.0287056942
22.0287026492
22.0286996141
22.0286965889
22.0286935736
22.0286905681
22.0286875723
22.0286845864
22.0286816102
22.0286786437
22.0286756869
22.0286727398
22.0286698024
22.0286668746
22.0286639564
22.0286610477
22.0286581487
22.0286552591
22.0286523791
22.0286495086
22.0286466475
22.0286437959
22.0286409537
22.0286381209
22.0286352974
22.0286324834
22.0286296786
22.0286268831
22.028624097
22.02862132
22.0286185524
22.0286157939
22.0286130446
22.0286103045
22.0286075735
22.0286048517
22.0286021389
22.0285994353
22.0285967406
22.0285940551
22.0285913785
22.0285887109
22.0285860523
22.0285834027
22.0285807619
22.0285781301
22.0285755071
22.028572893
22.0285702878
22.0285676913
22.0285651037
22.0285625248
22.0285599547
22.0285573933
22.0285548406
22.0285522966
22.0285497613
22.0285472346
22.0285447166
22.0285422072
22.0285397063
22.028537214
22.0285347303
22.028532255
22.0285297883
22.0285273301
22.0285248803
