38.7549881232
38.7545677976
38.7538985648
38.7530913559
38.7521197023
38.750837662
38.7484483431
38.7720503465
38.7788422797
38.7794816034
38.7795941635
38.7796158445
38.7796205283
38.7796219838
38.779622821
38.7796235361
38.7796242238
38.779624902
38.7796255742
38.7796262412
38.7796269031
38.7796275599
38.7796282119
38.7796288589
38.7796295012
38.7796301387
38.7796307714
38.7796313995
38.779632023
38.7796326419
38.7796332563
38.7796338663
38.7796344718
38.779635073
38.7796356698
38.7796362624
38.7796368508
38.779637435
38.7796380151
38.7796385911
38.7796391631
38.779639731
38.7796402951
38.7796408552
38.7796414114
38.7796419638
38.7796425124
38.7796430572
38.7796435984
38.7796441358
38.7796446697
38.7796451999
38.7796457266
38.7796462498
38.7796467694
38.7796472856
38.7796477984
38.7796483079
38.7796488139
38.7796493167
38.7796498161
38.7796503124
38.7796508054
38.7796512952
38.7796517818
38.7796522654
38.7796527458
38.7796532232
38.7796536976
38.7796541689
38.7796546373
38.7796551027
38.7796555652
38.7796560248
38.7796564816
38.7796569355
38.7796573866
38.779657835
38.7796582806
38.7796587234
38.7796591635
38.779659601
38.7796600358
38.779660468
38.7796608976
38.7796613246
38.779661749
38.7796621709
38.7796625903
38.7796630072
38.7796634217
38.7796638337
38.7796642433
38.7796646504
38.7796650552
38.7796654577
38.7796658578
38.7796662556
38.7796666511
38.7796670443
38.7796674353
38.779667824
38.7796682105
38.7796685948
38.779668977
38.779669357
38.7796697348
38.7796701105
38.7796704841
38.7796708557
38.7796712251
38.7796715926
38.7796719579
38.7796723213
38.7796726827
38.7796730421
38.7796733995
38.779673755
38.7796741085
38.7796744601
38.7796748099
38.7796751577
38.7796755037
38.7796758478
38.7796761901
38.7796765305
38.7796768692
38.779677206
38.7796775411
38.7796778744
38.779678206
38.7796785358
38.7796788639
38.7796791903
38.7796795149
38.7796798379
38.7796801593
38.779680479
38.779680797
38.7796811134
38.7796814282
38.7796817414
38.779682053
38.779682363
38.7796826715
38.7796829783
38.7796832837
38.7796835875
38.7796838898
38.7796841906
38.7796844899
38.7796847877
38.779685084
38.7796853789
38.7796856723
38.7796859643
38.7796862548
38.779686544
38.7796868317
38.779687118
38.7796874029
38.7796876865
38.7796879687
38.7796882495
38.779688529
38.7796888071
38.7796890839
38.7796893594
38.7796896336
38.7796899065
38.7796901781
38.7796904484
38.7796907175
38.7796909853
38.7796912518
38.7796915171
38.7796917812
38.779692044
38.7796923056
38.779692566
38.7796928252
38.7796930832
38.77969334
38.7796935957
38.7796938502
38.7796941035
38.7796943557
38.7796946067
38.7796948566
38.7796951054
38.779695353
38.7796955996
38.779695845
38.7796960893
38.7796963326
38.7796965747
38.7796968158
38.7796970559
38.7796972948
38.7796975327
38.7796977696
38.7796980054
38.7796982402
38.779698474
38.7796987068
38.7796989385
38.7796991692
38.779699399
38.7796996277
38.7796998555
38.7797000823
38.7797003081
38.779700533
38.7797007568
38.7797009798
38.7797012018
38.7797014228
38.779701643
38.7797018621
38.7797020804
38.7797022978
38.7797025142
38.7797027297
38.7797029444
38.7797031581
38.779703371
38.779703583
38.7797037941
38.7797040043
38.7797042137
38.7797044222
38.7797046298
38.7797048366
38.7797050426
38.7797052477
38.779705452
38.7797056554
38.7797058581
38.7797060599
38.7797062609
38.7797064611
38.7797066605
38.7797068591
38.7797070569
38.7797072539
38.7797074501
38.7797076456
38.7797078403
38.7797080342
38.7797082273
38.7797084197
38.7797086114
38.7797088022
38.7797089924
38.7797091818
38.7797093704
38.7797095583
38.7797097455
38.779709932
38.7797101178
38.7797103028
38.7797104871
38.7797106707
38.7797108536
38.7797110358
38.7797112174
38.7797113982
38.7797115783
38.7797117578
38.7797119366
38.7797121147
38.7797122921
38.7797124689
38.779712645
38.7797128204
38.7797129952
38.7797131693
38.7797133428
38.7797135157
38.7797136879
38.7797138594
38.7797140304
38.7797142007
38.7797143703
38.7797145394
38.7797147078
38.7797148756
38.7797150428
38.7797152094
38.7797153754
38.7797155408
38.7797157056
38.7797158698
38.7797160333
38.7797161964
38.7797163588
38.7797165206
38.7797166819
38.7797168426
38.7797170027
38.7797171622
38.7797173212
38.7797174796
38.7797176374
38.7797177947
38.7797179515
38.7797181076
38.7797182633
38.7797184184
38.7797185729
38.7797187269
38.7797188804
38.7797190333
38.7797191857
38.7797193376
38.7797194889
38.7797196398
38.7797197901
38.7797199398
38.7797200891
38.7797202379
38.7797203861
38.7797205339
38.7797206811
38.7797208279
38.7797209741
38.7797211198
38.7797212651
38.7797214098
38.7797215541
38.7797216979
38.7797218412
38.779721984
38.7797221264
38.7797222682
38.7797224096
38.7797225505
38.779722691
38.779722831
38.7797229705
38.7797231096
38.7797232482
38.7797233863
38.779723524
38.7797236612
38.779723798
38.7797239343
38.7797240702
38.7797242057
38.7797243407
38.7797244753
38.7797246094
38.7797247431
38.7797248763
38.7797250092
38.7797251416
38.7797252736
38.7797254051
38.7797255363
38.779725667
38.7797257973
38.7797259271
38.7797260566
38.7797261857
38.7797263143
38.7797264425
38.7797265704
38.7797266978
38.7797268248
38.7797269515
38.7797270777
38.7797272035
38.779727329
38.779727454
38.7797275787
38.7797277029
38.7797278268
38.7797279503
38.7797280734
38.7797281961
38.7797283185
38.7797284405
38.7797285621
38.7797286833
38.7797288041
38.7797289246
38.7797290447
38.7797291645
38.7797292839
38.7797294029
38.7797295215
38.7797296398
38.7797297578
38.7797298753
38.7797299926
38.7797301094
38.779730226
38.7797303421
38.7797304579
38.7797305734
38.7797306885
38.7797308033
38.7797309178
38.7797310319
38.7797311456
38.779731259
38.7797313721
38.7797314849
38.7797315973
38.7797317094
38.7797318211
38.7797319326
38.7797320437
38.7797321545
38.7797322649
38.779732375
38.7797324848
38.7797325943
38.7797327035
38.7797328123
38.7797329209
38.7797330291
38.779733137
38.7797332446
38.7797333519
38.7797334589
38.7797335656
38.7797336719
38.779733778
38.7797338837
38.7797339892
38.7797340943
38.7797341992
38.7797343038
38.779734408
38.779734512
38.7797346157
38.779734719
38.7797348221
38.7797349249
38.7797350274
38.7797351296
38.7797352316
38.7797353332
38.7797354346
38.7797355357
38.7797356365
38.779735737
38.7797358372
38.7797359372
38.7797360369
38.7797361363
38.7797362354
38.7797363343
38.7797364329
38.7797365312
38.7797366292
38.779736727
38.7797368245
38.7797369217
38.7797370187
38.7797371154
38.7797372119
38.7797373081
38.779737404
38.7797374997
38.7797375951
38.7797376902
38.7797377851
38.7797378798
38.7797379741
38.7797380683
38.7797381621
38.7797382558
38.7797383491
38.7797384423
38.7797385351
38.7797386278
38.7797387201
38.7797388123
38.7797389042
38.7797389958
38.7797390872
38.7797391784
38.7797392693
38.77973936
38.7797394504
38.7797395407
38.7797396306
38.7797397204
38.7797398099
38.7797398991
38.7797399882
38.779740077
38.7797401655
38.7797402539
38.779740342
38.7797404299
38.7797405175
38.779740605
38.7797406922
38.7797407791
38.7797408659
38.7797409524
38.7797410387
38.7797411248
38.7797412107
38.7797412964
38.7797413818
38.779741467
38.779741552
38.7797416368
38.7797417213
38.7797418057
38.7797418898
38.7797419738
38.7797420575
38.779742141
38.7797422243
38.7797423073
38.7797423902
38.7797424729
38.7797425553
38.7797426376
38.7797427196
38.7797428015
38.7797428831
38.7797429646
38.7797430458
38.7797431268
38.7797432077
38.7797432883
38.7797433687
38.779743449
38.779743529
38.7797436088
38.7797436885
38.7797437679
38.7797438472
38.7797439262
38.7797440051
38.7797440838
38.7797441622
38.7797442405
38.7797443186
38.7797443965
38.7797444743
38.7797445518
38.7797446291
38.7797447063
38.7797447833
38.7797448601
38.7797449367
38.7797450131
38.7797450893
38.7797451654
38.7797452412
38.7797453169
38.7797453924
38.7797454677
38.7797455429
38.7797456179
38.7797456926
38.7797457673
38.7797458417
38.7797459159
38.77974599
38.7797460639
38.7797461377
38.7797462112
38.7797462846
38.7797463578
38.7797464309
38.7797465037
38.7797465764
38.779746649
38.7797467213
38.7797467935
38.7797468655
38.7797469374
38.7797470091
38.7797470806
38.779747152
38.7797472232
38.7797472942
38.779747365
38.7797474357
38.7797475063
38.7797475767
38.7797476469
38.7797477169
38.7797477868
38.7797478565
38.7797479261
38.7797479955
38.7797480648
38.7797481339
38.7797482028
38.7797482716
38.7797483402
38.7797484087
38.779748477
38.7797485452
38.7797486132
38.779748681
38.7797487487
38.7797488163
38.7797488837
38.7797489509
38.779749018
38.779749085
38.7797491518
38.7797492184
38.7797492849
38.7797493512
38.7797494174
38.7797494835
38.7797495494
38.7797496152
38.7797496808
38.7797497462
38.7797498116
38.7797498767
38.7797499418
38.7797500067
38.7797500714
38.779750136
38.7797502005
38.7797502648
38.779750329
38.779750393
38.7797504569
38.7797505207
38.7797505843
38.7797506478
38.7797507112
38.7797507744
38.7797508374
38.7797509004
38.7797509632
38.7797510258
38.7797510884
38.7797511508
38.779751213
38.7797512751
38.7797513371
38.779751399
38.7797514607
38.7797515223
38.7797515838
38.7797516451
38.7797517063
38.7797517674
38.7797518283
38.7797518891
38.7797519498
38.7797520103
38.7797520708
38.7797521311
38.7797521912
38.7797522513
38.7797523112
38.779752371
38.7797524306
38.7797524902
38.7797525496
38.7797526088
38.779752668
38.779752727
38.779752786
38.7797528447
38.7797529034
38.779752962
38.7797530204
38.7797530787
38.7797531369
38.7797531949
38.7797532528
38.7797533107
38.7797533684
38.7797534259
38.7797534834
38.7797535407
38.779753598
38.7797536551
38.7797537121
38.7797537689
38.7797538257
38.7797538823
38.7797539388
38.7797539953
38.7797540515
38.7797541077
38.7797541638
38.7797542197
38.7797542756
38.7797543313
38.7797543869
38.7797544424
38.7797544978
38.779754553
38.7797546082
38.7797546632
38.7797547182
38.779754773
38.7797548277
38.7797548823
38.7797549368
38.7797549912
38.7797550455
38.7797550997
38.7797551537
38.7797552077
38.7797552615
38.7797553153
38.7797553689
38.7797554224
38.7797554758
38.7797555291
38.7797555823
38.7797556354
38.7797556884
38.7797557413
38.7797557941
38.7797558468
38.7797558994
38.7797559519
38.7797560042
38.7797560565
38.7797561087
38.7797561607
38.7797562127
38.7797562645
38.7797563163
38.779756368
38.7797564195
38.779756471
38.7797565223
38.7797565736
38.7797566248
38.7797566758
38.7797567268
38.7797567776
38.7797568284
38.7797568791
38.7797569296
38.7797569801
38.7797570305
38.7797570808
38.7797571309
38.779757181
38.779757231
38.7797572809
38.7797573307
38.7797573804
38.77975743
38.7797574795
38.7797575289
38.7797575782
38.7797576275
38.7797576766
38.7797577257
38.7797577746
38.7797578235
38.7797578722
38.7797579209
38.7797579695
38.779758018
38.7797580664
38.7797581147
38.7797581629
38.779758211
38.779758259
38.779758307
38.7797583548
38.7797584026
38.7797584503
38.7797584979
38.7797585454
38.7797585928
38.7797586401
38.7797586873
38.7797587345
38.7797587815
38.7797588285
38.7797588754
38.7797589222
38.7797589689
38.7797590155
38.779759062
38.7797591085
38.7797591549
38.7797592011
38.7797592473
38.7797592934
38.7797593395
38.7797593854
38.7797594313
38.779759477
38.7797595227
38.7797595683
38.7797596139
38.7797596593
38.7797597047
38.7797597499
38.7797597951
38.7797598402
38.7797598853
38.7797599302
38.7797599751
38.7797600199
38.7797600646
38.7797601092
38.7797601537
38.7797601982
38.7797602426
38.7797602869
38.7797603311
38.7797603753
38.7797604193
38.7797604633
38.7797605072
38.779760551
38.7797605948
38.7797606385
38.7797606821
38.7797607256
38.779760769
38.7797608124
38.7797608557
38.7797608989
38.779760942
38.7797609851
38.779761028
38.7797610709
38.7797611138
38.7797611565
38.7797611992
38.7797612418
38.7797612843
38.7797613268
38.7797613692
38.7797614115
38.7797614537
38.7797614958
38.7797615379
38.7797615799
38.7797616219
38.7797616637
38.7797617055
38.7797617472
38.7797617889
38.7797618304
38.7797618719
38.7797619134
38.7797619547
38.779761996
38.7797620372
38.7797620784
38.7797621194
38.7797621604
38.7797622014
38.7797622422
38.779762283
38.7797623237
38.7797623644
38.7797624049
38.7797624455
38.7797624859
38.7797625263
38.7797625666
38.7797626068
38.779762647
38.779762687
38.7797627271
38.779762767
38.7797628069
38.7797628467
38.7797628865
38.7797629262
38.7797629658
38.7797630054
38.7797630448
38.7797630843
38.7797631236
38.7797631629
38.7797632021
38.7797632413
38.7797632804
38.7797633194
38.7797633583
38.7797633972
38.7797634361
38.7797634748
38.7797635135
38.7797635522
38.7797635907
38.7797636292
38.7797636677
38.779763706
38.7797637444
38.7797637826
38.7797638208
38.7797638589
38.779763897
38.779763935
38.7797639729
38.7797640108
38.7797640486
38.7797640863
38.779764124
38.7797641616
38.7797641992
38.7797642367
38.7797642741
38.7797643115
38.7797643488
38.779764386
38.7797644232
38.7797644603
38.7797644974
38.7797645344
38.7797645714
38.7797646083
38.7797646451
38.7797646818
38.7797647186
38.7797647552
38.7797647918
38.7797648283
38.7797648648
38.7797649012
38.7797649375
38.7797649738
38.7797650101
38.7797650462
38.7797650824
38.7797651184
38.7797651544
38.7797651904
38.7797652262
38.7797652621
38.7797652978
38.7797653336
38.7797653692
38.7797654048
38.7797654403
38.7797654758
38.7797655113
38.7797655466
38.7797655819
38.7797656172
38.7797656524
38.7797656876
38.7797657226
38.7797657577
38.7797657927
38.7797658276
38.7797658625
38.7797658973
38.779765932
38.7797659667
38.7797660014
38.779766036
38.7797660705
38.779766105
38.7797661394
38.7797661738
38.7797662081
38.7797662424
38.7797662766
38.7797663108
38.7797663449
38.7797663789
38.7797664129
38.7797664469
38.7797664808
38.7797665146
38.7797665484
38.7797665822
38.7797666158
38.7797666495
38.7797666831
38.7797667166
38.7797667501
38.7797667835
38.7797668169
38.7797668502
38.7797668835
38.7797669167
38.7797669498
38.779766983
38.779767016
38.779767049
38.779767082
38.7797671149
38.7797671478
38.7797671806
38.7797672134
38.7797672461
