35.591820055
35.309551265
35.2205679035
35.2070805272
35.204531213
35.2035923582
35.2029548355
35.2024308797
35.2019630017
35.2015233344
35.2010949673
35.2006655276
35.2002242661
35.1997603506
35.1992615036
35.1987125177
35.1980932473
35.1973755184
35.1965180092
35.1954573307
35.1940919353
35.1922528304
35.189653797
35.1858356678
35.1802705368
35.1731507361
35.1661768344
35.1603739232
35.15463064
35.1458156955
35.1291739581
35.1217894539
35.1214869437
35.121229796
35.1210020896
35.1208066398
35.1206307308
35.1204663862
35.1203090069
35.1201557967
35.120004936
35.1198551567
35.1197055116
35.1195552419
35.1194036965
35.1192502792
35.119094413
35.1189355124
35.1187729615
35.1186060934
35.1184341706
35.1182563633
35.1180717246
35.1178791611
35.1176773966
35.1174649258
35.1172399555
35.1170003273
35.1167434141
35.1164659822
35.1161640007
35.1158323778
35.1154645853
35.1150521183
35.1145836978
35.1140440729
35.1134121799
35.1126582569
35.1117392512
35.1105914796
35.1091192186
35.1071789634
35.1045671155
35.101052676
35.0965819826
35.0917459255
35.0877801127
35.0852876786
35.0838663888
35.0830230067
35.08248385
35.0821151525
35.081849085
35.0816488013
35.0814929103
35.0813682611
35.0812663708
35.0811815423
35.0811098171
35.0810483642
35.0809951078
35.0809484928
35.0809073318
35.0808707034
35.0808378816
35.0808082871
35.0807814521
35.0807569948
35.0807346004
35.0807140073
35.0806949963
35.0806773822
35.0806610077
35.0806457382
35.0806314579
35.0806180667
35.0806054775
35.0805936142
35.08058241
35.0805718063
35.080561751
35.080552198
35.0805431062
35.0805344389
35.0805261632
35.0805182495
35.0805106711
35.080503404
35.0804964264
35.0804897183
35.0804832618
35.0804770404
35.080471039
35.0804652439
35.0804596425
35.0804542231
35.080448975
35.0804438883
35.080438954
35.0804341636
35.0804295092
35.0804249837
35.0804205802
35.0804162925
35.0804121148
35.0804080415
35.0804040677
35.0804001885
35.0803963994
35.0803926964
35.0803890755
35.080385533
35.0803820654
35.0803786695
35.0803753422
35.0803720807
35.0803688821
35.0803657441
35.080362664
35.0803596396
35.0803566688
35.0803537494
35.0803508796
35.0803480574
35.0803452812
35.0803425491
35.0803398598
35.0803372115
35.080334603
35.0803320328
35.0803294997
35.0803270023
35.0803245395
35.0803221102
35.0803197133
35.0803173478
35.0803150126
35.0803127069
35.0803104297
35.0803081801
35.0803059574
35.0803037608
35.0803015894
35.0802994426
35.0802973196
35.0802952198
35.0802931425
35.0802910872
35.0802890532
35.0802870399
35.0802850469
35.0802830735
35.0802811192
35.0802791837
35.0802772663
35.0802753666
35.0802734843
35.0802716189
35.0802697699
35.080267937
35.0802661198
35.0802643179
35.080262531
35.0802607587
35.0802590007
35.0802572567
35.0802555264
35.0802538095
35.0802521056
35.0802504146
35.0802487361
35.0802470698
35.0802454156
35.0802437732
35.0802421422
35.0802405226
35.0802389141
35.0802373165
35.0802357295
35.0802341529
35.0802325867
35.0802310304
35.0802294841
35.0802279475
35.0802264203
35.0802249026
35.080223394
35.0802218944
35.0802204038
35.0802189218
35.0802174484
35.0802159834
35.0802145268
35.0802130783
35.0802116378
35.0802102052
35.0802087803
35.0802073632
35.0802059535
35.0802045513
35.0802031563
35.0802017686
35.080200388
35.0801990143
35.0801976476
35.0801962876
35.0801949343
35.0801935876
35.0801922474
35.0801909137
35.0801895862
35.0801882651
35.0801869501
35.0801856411
35.0801843382
35.0801830413
35.0801817502
35.0801804648
35.0801791852
35.0801779113
35.0801766429
35.08017538
35.0801741226
35.0801728706
35.0801716239
35.0801703825
35.0801691463
35.0801679152
35.0801666892
35.0801654683
35.0801642524
35.0801630414
35.0801618352
35.080160634
35.0801594375
35.0801582457
35.0801570587
35.0801558763
35.0801546985
35.0801535252
35.0801523565
35.0801511923
35.0801500325
35.080148877
35.080147726
35.0801465793
35.0801454368
35.0801442986
35.0801431646
35.0801420348
35.0801409091
35.0801397875
35.0801386701
35.0801375566
35.0801364472
35.0801353417
35.0801342402
35.0801331426
35.0801320489
35.0801309591
35.0801298731
35.0801287909
35.0801277125
35.0801266379
35.080125567
35.0801244998
35.0801234362
35.0801223764
35.0801213201
35.0801202675
35.0801192185
35.080118173
35.0801171311
35.0801160927
35.0801150578
35.0801140264
35.0801129984
35.0801119739
35.0801109528
35.0801099351
35.0801089208
35.0801079098
35.0801069022
35.0801058979
35.080104897
35.0801038993
35.0801029049
35.0801019138
35.0801009259
35.0800999412
35.0800989598
35.0800979815
35.0800970065
35.0800960346
35.0800950658
35.0800941002
35.0800931378
35.0800921784
35.0800912221
35.080090269
35.0800893188
35.0800883718
35.0800874278
35.0800864868
35.0800855489
35.0800846139
35.080083682
35.080082753
35.080081827
35.080080904
35.080079984
35.0800790668
35.0800781526
35.0800772414
35.080076333
35.0800754275
35.0800745249
35.0800736252
35.0800727284
35.0800718344
35.0800709433
35.080070055
35.0800691696
35.0800682869
35.0800674071
35.0800665301
35.0800656559
35.0800647845
35.0800639158
35.0800630499
35.0800621868
35.0800613264
35.0800604688
35.0800596139
35.0800587618
35.0800579123
35.0800570656
35.0800562216
35.0800553803
35.0800545417
35.0800537057
35.0800528725
35.0800520419
35.080051214
35.0800503887
35.0800495661
35.0800487461
35.0800479287
35.080047114
35.0800463019
35.0800454924
35.0800446856
35.0800438813
35.0800430796
35.0800422806
35.0800414841
35.0800406901
35.0800398988
35.08003911
35.0800383238
35.0800375401
35.080036759
35.0800359804
35.0800352044
35.0800344309
35.0800336599
35.0800328914
35.0800321255
35.080031362
35.0800306011
35.0800298427
35.0800290867
35.0800283332
35.0800275822
35.0800268337
35.0800260877
35.0800253441
35.080024603
35.0800238644
35.0800231281
35.0800223944
35.0800216631
35.0800209342
35.0800202077
35.0800194837
35.080018762
35.0800180428
35.080017326
35.0800166117
35.0800158997
35.0800151901
35.0800144829
35.080013778
35.0800130756
35.0800123755
35.0800116778
35.0800109825
35.0800102895
35.0800095989
35.0800089106
35.0800082247
35.0800075411
35.0800068599
35.080006181
35.0800055044
35.0800048301
35.0800041582
35.0800034886
35.0800028213
35.0800021563
35.0800014935
35.0800008331
35.080000175
35.0799995192
35.0799988656
35.0799982143
35.0799975653
35.0799969186
35.0799962741
35.0799956319
35.0799949919
35.0799943542
35.0799937187
35.0799930855
35.0799924545
35.0799918257
35.0799911992
35.0799905748
35.0799899527
35.0799893329
35.0799887152
35.0799880997
35.0799874864
35.0799868753
35.0799862665
35.0799856598
35.0799850552
35.0799844529
35.0799838527
35.0799832547
35.0799826589
35.0799820652
35.0799814736
35.0799808843
35.079980297
35.0799797119
35.079979129
35.0799785481
35.0799779694
35.0799773929
35.0799768184
35.079976246
35.0799756758
35.0799751077
35.0799745416
35.0799739777
35.0799734158
35.079972856
35.0799722984
35.0799717427
35.0799711892
35.0799706377
35.0799700883
35.079969541
35.0799689957
35.0799684524
35.0799679112
35.079967372
35.0799668349
35.0799662998
35.0799657667
35.0799652356
35.0799647066
35.0799641796
35.0799636545
35.0799631315
35.0799626105
35.0799620914
35.0799615744
35.0799610593
35.0799605462
35.0799600351
35.079959526
35.0799590188
35.0799585136
35.0799580103
35.079957509
35.0799570096
35.0799565122
35.0799560167
35.0799555231
35.0799550315
35.0799545418
35.079954054
35.0799535681
35.0799530841
35.079952602
35.0799521218
35.0799516435
35.0799511671
35.0799506926
35.07995022
35.0799497492
35.0799492803
35.0799488133
35.0799483481
35.0799478848
35.0799474233
35.0799469637
35.0799465059
35.0799460499
35.0799455958
35.0799451435
35.079944693
35.0799442443
35.0799437975
35.0799433524
35.0799429092
35.0799424677
35.079942028
35.0799415902
35.0799411541
35.0799407197
35.0799402872
35.0799398564
35.0799394274
35.0799390001
35.0799385746
35.0799381508
35.0799377288
35.0799373085
35.0799368899
35.0799364731
35.079936058
35.0799356446
35.0799352329
35.0799348229
35.0799344147
35.0799340081
35.0799336032
35.0799332
35.0799327985
35.0799323986
35.0799320005
35.079931604
35.0799312091
35.079930816
35.0799304244
35.0799300346
35.0799296463
35.0799292597
35.0799288748
35.0799284914
35.0799281097
35.0799277296
35.0799273511
35.0799269743
35.079926599
35.0799262253
35.0799258532
35.0799254827
35.0799251138
35.0799247465
35.0799243807
35.0799240165
35.0799236539
35.0799232929
35.0799229333
35.0799225754
35.079922219
35.0799218641
35.0799215107
35.0799211589
35.0799208086
35.0799204598
35.0799201126
35.0799197668
35.0799194226
35.0799190798
35.0799187386
35.0799183988
35.0799180605
35.0799177237
35.0799173884
35.0799170545
35.0799167221
35.0799163912
35.0799160617
35.0799157337
35.0799154071
35.079915082
35.0799147583
35.079914436
35.0799141152
35.0799137957
35.0799134777
35.0799131611
35.0799128459
35.0799125322
35.0799122198
35.0799119088
35.0799115992
35.0799112909
35.0799109841
35.0799106786
35.0799103745
35.0799100717
35.0799097703
35.0799094703
35.0799091716
35.0799088743
35.0799085783
35.0799082836
35.0799079902
35.0799076982
35.0799074075
35.0799071181
35.0799068301
35.0799065433
35.0799062578
35.0799059737
35.0799056908
35.0799054092
35.0799051289
35.0799048499
35.0799045721
35.0799042956
35.0799040204
35.0799037464
35.0799034737
35.0799032023
35.0799029321
35.0799026631
35.0799023953
35.0799021288
35.0799018636
35.0799015995
35.0799013367
35.079901075
35.0799008146
35.0799005554
35.0799002974
35.0799000405
35.0798997849
35.0798995305
35.0798992772
35.0798990251
35.0798987742
35.0798985244
35.0798982758
35.0798980284
35.0798977821
35.079897537
35.079897293
35.0798970502
35.0798968084
35.0798965679
35.0798963284
35.0798960901
35.0798958529
35.0798956168
35.0798953818
35.0798951479
35.0798949151
35.0798946835
35.0798944529
35.0798942234
35.079893995
35.0798937676
35.0798935414
35.0798933162
35.079893092
35.079892869
35.079892647
35.079892426
35.0798922061
35.0798919872
35.0798917694
35.0798915526
35.0798913369
35.0798911222
35.0798909085
35.0798906958
35.0798904841
35.0798902735
35.0798900638
35.0798898552
35.0798896475
35.0798894409
35.0798892352
35.0798890305
35.0798888268
35.0798886241
35.0798884224
35.0798882216
35.0798880218
35.079887823
35.0798876251
35.0798874282
35.0798872322
35.0798870372
35.0798868431
35.07988665
35.0798864577
35.0798862665
35.0798860761
35.0798858867
35.0798856982
35.0798855106
35.0798853239
35.0798851381
35.0798849532
35.0798847692
35.0798845861
35.079884404
35.0798842227
35.0798840422
35.0798838627
35.079883684
35.0798835062
35.0798833293
35.0798831533
35.0798829781
35.0798828037
35.0798826302
35.0798824576
35.0798822858
35.0798821149
35.0798819448
35.0798817755
35.0798816071
35.0798814395
35.0798812727
35.0798811067
35.0798809416
35.0798807772
35.0798806137
35.079880451
35.0798802891
35.079880128
35.0798799677
35.0798798081
35.0798796494
35.0798794915
35.0798793343
35.0798791779
35.0798790223
35.0798788674
35.0798787134
35.0798785601
35.0798784075
35.0798782557
35.0798781047
35.0798779544
35.0798778049
35.0798776561
35.079877508
35.0798773607
35.0798772141
35.0798770683
35.0798769232
35.0798767788
35.0798766351
35.0798764922
35.0798763499
35.0798762084
35.0798760676
35.0798759275
35.079875788
35.0798756493
35.0798755113
35.079875374
35.0798752373
35.0798751014
35.0798749661
35.0798748315
35.0798746976
35.0798745644
35.0798744318
35.0798742999
35.0798741687
35.0798740381
35.0798739082
35.0798737789
35.0798736503
35.0798735224
35.079873395
35.0798732684
35.0798731423
35.0798730169
35.0798728922
35.079872768
35.0798726445
35.0798725217
35.0798723994
35.0798722778
35.0798721568
35.0798720363
35.0798719166
35.0798717974
35.0798716788
35.0798715608
35.0798714434
35.0798713266
35.0798712105
35.0798710949
35.0798709798
35.0798708654
35.0798707516
35.0798706383
35.0798705256
35.0798704135
35.079870302
35.079870191
35.0798700806
35.0798699708
35.0798698615
35.0798697528
35.0798696446
35.079869537
35.0798694299
35.0798693234
35.0798692174
35.079869112
35.0798690071
35.0798689028
35.079868799
35.0798686957
35.0798685929
35.0798684907
35.079868389
35.0798682878
35.0798681872
35.079868087
35.0798679874
35.0798678883
35.0798677897
35.0798676916
35.079867594
35.0798674969
35.0798674003
35.0798673042
35.0798672086
35.0798671135
35.0798670189
35.0798669248
35.0798668311
35.079866738
35.0798666453
35.0798665531
35.0798664614
35.0798663701
35.0798662793
35.079866189
35.0798660992
35.0798660098
35.0798659209
35.0798658324
35.0798657444
35.0798656569
35.0798655698
35.0798654831
35.079865397
35.0798653112
35.0798652259
35.0798651411
35.0798650566
35.0798649727
35.0798648891
35.079864806
35.0798647233
35.0798646411
35.0798645593
35.0798644779
35.0798643969
35.0798643164
35.0798642362
35.0798641565
35.0798640772
35.0798639983
35.0798639199
35.0798638418
35.0798637641
35.0798636869
35.07986361
35.0798635336
35.0798634575
35.0798633819
35.0798633066
35.0798632317
35.0798631573
35.0798630832
35.0798630095
35.0798629361
35.0798628632
35.0798627907
35.0798627185
35.0798626467
35.0798625753
35.0798625042
35.0798624335
35.0798623632
35.0798622933
35.0798622237
35.0798621545
35.0798620857
35.0798620172
35.0798619491
35.0798618813
35.0798618139
35.0798617468
35.0798616801
35.0798616138
35.0798615477
35.0798614821
35.0798614168
35.0798613518
35.0798612872
35.0798612229
35.0798611589
35.0798610953
35.079861032
35.079860969
35.0798609064
35.0798608441
35.0798607822
35.0798607205
35.0798606592
35.0798605982
35.0798605375
35.0798604772
35.0798604172
35.0798603574
35.079860298
35.079860239
35.0798601802
35.0798601217
35.0798600635
35.0798600057
35.0798599481
35.0798598909
35.079859834
35.0798597773
35.079859721
35.0798596649
35.0798596092
35.0798595537
35.0798594986
35.0798594437
35.0798593891
35.0798593348
35.0798592808
35.0798592271
35.0798591737
35.0798591205
35.0798590676
35.079859015
35.0798589627
35.0798589107
35.0798588589
35.0798588074
35.0798587562
35.0798587053
35.0798586546
35.0798586042
35.0798585541
35.0798585042
35.0798584546
35.0798584052
35.0798583562
