39.9427017175
39.492311771
39.5956754759
39.6005947783
39.5907040066
39.5830628602
39.5780306449
39.5743271881
39.5713942008
39.5689474056
39.5668256541
39.5649302956
39.5631972941
39.561583085
39.5600568451
39.5585960128
39.5571835631
39.5558062825
39.5544536385
39.5531170157
39.5517891851
39.5504639264
39.5491357517
39.5477996988
39.546451172
39.5450858164
39.5436994154
39.5422878042
39.5408467935
39.5393721009
39.5378592852
39.536303682
39.5347003382
39.5330439435
39.5313287562
39.5295485229
39.5276963879
39.5257647917
39.5237453565
39.5216287538
39.5194045538
39.5170610526
39.5145850734
39.511961742
39.5091742309
39.5062034776
39.5030278778
39.4996229686
39.4959611235
39.4920113063
39.4877389587
39.4831061516
39.4780722053
39.4725950921
39.4666340764
39.4601541966
39.4531332738
39.4455719723
39.437506733
39.4290237849
39.420269847
39.4114525649
39.4028238091
39.3946446533
39.3871412783
39.3804687917
39.3746968452
39.3698184961
39.3657727376
39.3624690079
39.3598065461
39.3576867735
39.3560198394
39.3547272532
39.3537422446
39.3530089681
39.3524812214
39.3521210449
39.3518973842
39.3517848959
39.3517629218
39.3518146271
39.3519262874
39.3520867048
39.3522867319
39.3525188857
39.3527770357
39.353056151
39.3533520961
39.353661466
39.3539814522
39.354309735
39.3546443951
39.3549838427
39.3553267589
39.3556720486
39.3560188019
39.3563662618
39.3567137989
39.3570608893
39.3574070976
39.3577520618
39.3580954817
39.3584371087
39.3587767375
39.3591141994
39.3594493561
39.3597820955
39.3601123273
39.3604399796
39.3607649962
39.3610873344
39.3614069624
39.3617238582
39.3620380079
39.3623494045
39.3626580468
39.3629639386
39.3632670881
39.3635675068
39.3638652095
39.3641602133
39.3644525378
39.3647422042
39.3650292353
39.3653136549
39.3655954883
39.3658747614
39.3661515007
39.3664257334
39.3666974871
39.3669667897
39.3672336692
39.367498154
39.3677602723
39.3680200525
39.3682775228
39.3685327116
39.3687856468
39.3690363565
39.3692848682
39.3695312097
39.3697754081
39.3700174906
39.3702574838
39.3704954144
39.3707313085
39.370965192
39.3711970906
39.3714270295
39.3716550337
39.3718811279
39.3721053364
39.3723276831
39.3725481919
39.372766886
39.3729837885
39.3731989221
39.3734123091
39.3736239716
39.3738339314
39.3740422098
39.374248828
39.3744538068
39.3746571666
39.3748589276
39.3750591097
39.3752577324
39.3754548151
39.3756503768
39.375844436
39.3760370113
39.3762281207
39.3764177822
39.3766060133
39.3767928313
39.3769782532
39.377162296
39.377344976
39.3775263097
39.3777063129
39.3778850016
39.3780623912
39.3782384971
39.3784133343
39.3785869177
39.378759262
39.3789303814
39.3791002903
39.3792690025
39.3794365319
39.3796028919
39.379768096
39.3799321573
39.3800950886
39.3802569029
39.3804176126
39.3805772301
39.3807357677
39.3808932372
39.3810496507
39.3812050197
39.3813593557
39.38151267
39.3816649738
39.3818162782
39.3819665938
39.3821159314
39.3822643016
39.3824117146
39.3825581808
39.3827037101
39.3828483125
39.3829919977
39.3831347756
39.3832766554
39.3834176467
39.3835577586
39.3836970002
39.3838353806
39.3839729086
39.384109593
39.3842454422
39.3843804649
39.3845146695
39.3846480641
39.3847806568
39.3849124559
39.3850434691
39.3851737043
39.3853031692
39.3854318713
39.3855598183
39.3856870175
39.3858134762
39.3859392015
39.3860642007
39.3861884807
39.3863120484
39.3864349107
39.3865570744
39.3866785459
39.386799332
39.3869194391
39.3870388736
39.3871576418
39.3872757499
39.387393204
39.3875100104
39.3876261748
39.3877417033
39.3878566017
39.3879708757
39.3880845311
39.3881975735
39.3883100084
39.3884218412
39.3885330775
39.3886437225
39.3887537816
39.3888632599
39.3889721626
39.3890804948
39.3891882614
39.3892954676
39.3894021181
39.3895082178
39.3896137715
39.3897187839
39.3898232597
39.3899272034
39.3900306198
39.3901335132
39.3902358881
39.3903377489
39.3904390999
39.3905399455
39.3906402899
39.3907401372
39.3908394917
39.3909383574
39.3910367384
39.3911346386
39.3912320621
39.3913290127
39.3914254943
39.3915215108
39.3916170658
39.3917121632
39.3918068067
39.3919009998
39.3919947462
39.3920880496
39.3921809133
39.3922733409
39.3923653358
39.3924569015
39.3925480414
39.3926387587
39.3927290568
39.392818939
39.3929084085
39.3929974684
39.3930861219
39.3931743723
39.3932622224
39.3933496756
39.3934367346
39.3935234026
39.3936096825
39.3936955772
39.3937810897
39.3938662228
39.3939509793
39.3940353621
39.394119374
39.3942030176
39.3942862957
39.3943692111
39.3944517663
39.3945339641
39.3946158069
39.3946972975
39.3947784384
39.3948592321
39.3949396811
39.3950197879
39.3950995549
39.3951789847
39.3952580795
39.3953368418
39.395415274
39.3954933783
39.3955711571
39.3956486127
39.3957257473
39.3958025633
39.3958790627
39.3959552479
39.3960311209
39.396106684
39.3961819393
39.3962568889
39.3963315349
39.3964058794
39.3964799244
39.396553672
39.3966271242
39.3967002829
39.3967731503
39.3968457281
39.3969180185
39.3969900232
39.3970617442
39.3971331834
39.3972043426
39.3972752238
39.3973458287
39.3974161591
39.3974862169
39.3975560038
39.3976255217
39.3976947722
39.3977637571
39.3978324781
39.397900937
39.3979691353
39.3980370748
39.3981047572
39.3981721841
39.398239357
39.3983062777
39.3983729477
39.3984393686
39.398505542
39.3985714695
39.3986371525
39.3987025926
39.3987677913
39.3988327502
39.3988974707
39.3989619542
39.3990262024
39.3990902165
39.3991539981
39.3992175486
39.3992808693
39.3993439617
39.3994068272
39.3994694672
39.3995318829
39.3995940759
39.3996560473
39.3997177986
39.399779331
39.399840646
39.3999017447
39.3999626284
39.4000232985
39.4000837562
39.4001440027
39.4002040393
39.4002638673
39.4003234878
39.400382902
39.4004421112
39.4005011166
39.4005599194
39.4006185206
39.4006769216
39.4007351233
39.4007931271
39.400850934
39.4009085451
39.4009659616
39.4010231845
39.4010802151
39.4011370543
39.4011937032
39.401250163
39.4013064346
39.4013625192
39.4014184178
39.4014741314
39.401529661
39.4015850078
39.4016401726
39.4016951566
39.4017499606
39.4018045858
39.4018590331
39.4019133034
39.4019673977
39.402021317
39.4020750623
39.4021286345
39.4021820345
39.4022352632
39.4022883217
39.4023412108
39.4023939313
39.4024464843
39.4024988706
39.4025510912
39.4026031468
39.4026550384
39.4027067668
39.402758333
39.4028097377
39.4028609818
39.4029120662
39.4029629917
39.4030137591
39.4030643692
39.403114823
39.4031651211
39.4032152645
39.4032652538
39.4033150899
39.4033647737
39.4034143057
39.403463687
39.4035129182
39.403562
39.4036109333
39.4036597189
39.4037083574
39.4037568496
39.4038051962
39.4038533981
39.4039014558
39.4039493702
39.403997142
39.4040447718
39.4040922604
39.4041396085
39.4041868168
39.4042338859
39.4042808167
39.4043276097
39.4043742656
39.4044207851
39.4044671689
39.4045134177
39.4045595321
39.4046055127
39.4046513603
39.4046970754
39.4047426588
39.4047881109
39.4048334326
39.4048786244
39.4049236869
39.4049686208
39.4050134266
39.4050581051
39.4051026567
39.4051470822
39.4051913821
39.4052355569
39.4052796074
39.405323534
39.4053673374
39.4054110182
39.4054545769
39.4054980141
39.4055413303
39.4055845262
39.4056276023
39.4056705592
39.4057133973
39.4057561173
39.4057987198
39.4058412051
39.405883574
39.4059258269
39.4059679644
39.4060099869
39.4060518951
39.4060936894
39.4061353704
39.4061769385
39.4062183944
39.4062597384
39.4063009712
39.4063420931
39.4063831048
39.4064240066
39.4064647992
39.406505483
39.4065460584
39.406586526
39.4066268862
39.4066671395
39.4067072865
39.4067473275
39.406787263
39.4068270936
39.4068668196
39.4069064415
39.4069459598
39.406985375
39.4070246874
39.4070638976
39.4071030059
39.4071420129
39.407180919
39.4072197245
39.40725843
39.4072970359
39.4073355426
39.4073739505
39.40741226
39.4074504717
39.4074885858
39.4075266029
39.4075645233
39.4076023474
39.4076400757
39.4076777085
39.4077152463
39.4077526895
39.4077900384
39.4078272935
39.4078644552
39.4079015238
39.4079384997
39.4079753834
39.4080121752
39.4080488755
39.4080854847
39.4081220031
39.4081584312
39.4081947692
39.4082310177
39.4082671769
39.4083032473
39.4083392291
39.4083751228
39.4084109286
39.4084466471
39.4084822785
39.4085178232
39.4085532815
39.4085886538
39.4086239404
39.4086591418
39.4086942581
39.4087292899
39.4087642373
39.4087991008
39.4088338807
39.4088685774
39.4089031911
39.4089377222
39.408972171
39.4090065379
39.4090408231
39.4090750271
39.40910915
39.4091431924
39.4091771544
39.4092110363
39.4092448386
39.4092785615
39.4093122053
39.4093457704
39.4093792569
39.4094126654
39.409445996
39.409479249
39.4095124248
39.4095455237
39.4095785459
39.4096114918
39.4096443616
39.4096771557
39.4097098743
39.4097425177
39.4097750863
39.4098075802
39.4098399999
39.4098723455
39.4099046173
39.4099368157
39.4099689409
39.4100009932
39.4100329729
39.4100648802
39.4100967154
39.4101284789
39.4101601708
39.4101917914
39.410223341
39.4102548198
39.4102862282
39.4103175664
39.4103488347
39.4103800332
39.4104111624
39.4104422223
39.4104732134
39.4105041358
39.4105349898
39.4105657756
39.4105964936
39.4106271439
39.4106577268
39.4106882426
39.4107186914
39.4107490736
39.4107793894
39.410809639
39.4108398226
39.4108699406
39.4108999931
39.4109299804
39.4109599027
39.4109897603
39.4110195534
39.4110492822
39.4110789469
39.4111085478
39.4111380851
39.4111675591
39.4111969699
39.4112263178
39.4112556031
39.4112848258
39.4113139864
39.4113430849
39.4113721216
39.4114010968
39.4114300105
39.4114588632
39.4114876549
39.4115163859
39.4115450564
39.4115736666
39.4116022167
39.411630707
39.4116591376
39.4116875087
39.4117158206
39.4117440735
39.4117722676
39.411800403
39.41182848
39.4118564987
39.4118844595
39.4119123624
39.4119402078
39.4119679956
39.4119957263
39.4120234
39.4120510168
39.4120785769
39.4121060807
39.4121335281
39.4121609195
39.4121882551
39.4122155349
39.4122427593
39.4122699284
39.4122970423
39.4123241013
39.4123511056
39.4123780553
39.4124049507
39.4124317918
39.412458579
39.4124853123
39.4125119919
39.4125386181
39.412565191
39.4125917107
39.4126181776
39.4126445916
39.4126709531
39.4126972622
39.412723519
39.4127497237
39.4127758766
39.4128019777
39.4128280273
39.4128540255
39.4128799725
39.4129058684
39.4129317134
39.4129575078
39.4129832515
39.4130089449
39.4130345881
39.4130601812
39.4130857244
39.4131112179
39.4131366618
39.4131620563
39.4131874016
39.4132126977
39.4132379449
39.4132631434
39.4132882932
39.4133133945
39.4133384476
39.4133634525
39.4133884094
39.4134133184
39.4134381797
39.4134629935
39.4134877599
39.4135124791
39.4135371511
39.4135617763
39.4135863546
39.4136108863
39.4136353714
39.4136598102
39.4136842029
39.4137085494
39.41373285
39.4137571049
39.4137813141
39.4138054778
39.4138295962
39.4138536694
39.4138776975
39.4139016807
39.4139256191
39.4139495129
39.4139733621
39.413997167
39.4140209276
39.4140446442
39.4140683168
39.4140919455
39.4141155306
39.4141390721
39.4141625702
39.414186025
39.4142094366
39.4142328052
39.414256131
39.4142794139
39.4143026542
39.414325852
39.4143490075
39.4143721207
39.4143951917
39.4144182208
39.414441208
39.4144641535
39.4144870574
39.4145099197
39.4145327408
39.4145555205
39.4145782592
39.4146009568
39.4146236136
39.4146462297
39.4146688051
39.41469134
39.4147138345
39.4147362888
39.4147587029
39.414781077
39.4148034112
39.4148257056
39.4148479603
39.4148701754
39.4148923512
39.4149144876
39.4149365848
39.4149586429
39.414980662
39.4150026423
39.4150245838
39.4150464867
39.415068351
39.415090177
39.4151119646
39.4151337141
39.4151554254
39.4151770988
39.4151987344
39.4152203322
39.4152418924
39.415263415
39.4152849002
39.4153063481
39.4153277588
39.4153491324
39.4153704691
39.4153917688
39.4154130317
39.415434258
39.4154554477
39.4154766009
39.4154977178
39.4155187984
39.4155398428
39.4155608512
39.4155818237
39.4156027603
39.4156236611
39.4156445263
39.415665356
39.4156861502
39.415706909
39.4157276326
39.4157483211
39.4157689745
39.415789593
39.4158101766
39.4158307255
39.4158512397
39.4158717193
39.4158921645
39.4159125753
39.4159329518
39.4159532941
39.4159736024
39.4159938767
39.4160141171
39.4160343237
39.4160544965
39.4160746358
39.4160947415
39.4161148138
39.4161348528
39.4161548585
39.4161748311
39.4161947706
39.4162146771
39.4162345508
39.4162543916
39.4162741998
39.4162939753
39.4163137183
39.4163334289
39.4163531071
39.416372753
39.4163923668
39.4164119485
39.4164314982
39.416451016
39.4164705019
39.4164899561
39.4165093787
39.4165287696
39.4165481291
39.4165674572
39.416586754
39.4166060195
39.4166252539
39.4166444572
39.4166636295
39.416682771
39.4167018816
39.4167209614
39.4167400106
39.4167590293
39.4167780174
39.4167969751
39.4168159025
39.4168347997
39.4168536666
39.4168725035
39.4168913104
39.4169100873
39.4169288343
39.4169475516
39.4169662392
39.4169848972
39.4170035256
39.4170221246
39.4170406941
39.4170592344
39.4170777454
39.4170962272
39.41711468
39.4171331038
39.4171514986
39.4171698645
39.4171882017
39.4172065102
39.41722479
39.4172430413
39.417261264
39.4172794584
39.4172976244
39.4173157622
39.4173338717
39.4173519531
39.4173700065
39.4173880319
39.4174060294
39.417423999
39.4174419409
39.4174598551
39.4174777417
39.4174956007
39.4175134322
39.4175312363
39.417549013
39.4175667625
39.4175844848
39.4176021799
39.4176198479
39.417637489
39.4176551031
39.4176726904
39.4176902508
39.4177077846
39.4177252916
39.4177427721
39.417760226
39.4177776535
39.4177950545
39.4178124293
39.4178297777
39.4178471
39.4178643961
39.4178816662
39.4178989102
39.4179161283
39.4179333206
39.417950487
39.4179676276
39.4179847426
39.418001832
39.4180188958
39.4180359341
39.4180529469
39.4180699344
39.4180868966
39.4181038335
39.4181207453
39.4181376319
39.4181544935
39.4181713301
39.4181881417
39.4182049284
39.4182216904
39.4182384275
39.41825514
39.4182718278
39.4182884911
39.4183051298
39.4183217441
39.418338334
39.4183548995
39.4183714408
39.4183879578
39.4184044507
39.4184209194
39.4184373642
39.4184537849
39.4184701817
39.4184865546
