30.3565188932
30.3655277161
30.4287333832
30.4335114504
30.4392462784
30.4343888196
30.4390605701
30.4340673678
30.4388120917
30.4338714893
30.4386424836
30.4337262692
30.4385222374
30.4336246383
30.4384349372
30.4335492805
30.4383701683
30.4334932234
30.4383215619
30.4334509788
30.438284889
30.4334191497
30.4382572777
30.433395303
30.438236702
30.4333777221
30.4382216965
30.4333651435
30.4382111754
30.4333566231
30.4382043175
30.4333514398
30.4382004912
30.4333490344
30.4381992023
30.4333489664
30.4382000591
30.4333508844
30.4382027473
30.4333545047
30.4382070117
30.4333595959
30.4382126431
30.4333659673
30.4382194682
30.4333734605
30.4382273429
30.4333819428
30.4382361455
30.4333913025
30.4382457736
30.4334014444
30.4382561395
30.4334122875
30.4382671685
30.4334237623
30.4382787961
30.4334358086
30.4382909666
30.4334483745
30.4383036316
30.4334614145
30.4383167489
30.4334748893
30.4383302816
30.4334887641
30.4383441974
30.4335030085
30.4383584677
30.4335175957
30.4383730675
30.4335325021
30.4383879745
30.4335477066
30.4384031691
30.4335631908
30.4384186338
30.4335789383
30.4384343534
30.4335949344
30.4384503139
30.4336111662
30.4384665034
30.4336276223
30.438482911
30.4336442924
30.4384995271
30.4336611676
30.4385163433
30.43367824
30.4385333521
30.4336955024
30.4385505471
30.4337129489
30.4385679223
30.433730574
30.438585473
30.433748373
30.4386031947
30.4337663421
30.4386210838
30.4337844777
30.4386391371
30.4338027772
30.4386573521
30.4338212381
30.4386757268
30.4338398587
30.4386942595
30.4338586376
30.438712949
30.4338775739
30.4387317947
30.4338966669
30.438750796
30.4339159166
30.4387699531
30.433935323
30.4387892662
30.4339548869
30.4388087361
30.433974609
30.4388283637
30.4339944905
30.4388481504
30.4340145329
30.4388680978
30.4340347381
30.4388882079
30.4340551081
30.4389084828
30.4340756453
30.4389289251
30.4340963524
30.4389495374
30.4341172325
30.4389703231
30.4341382886
30.4389912852
30.4341595244
30.4390124276
30.4341809437
30.4390337541
30.4342025505
30.4390552688
30.4342243493
30.4390769764
30.4342463447
30.4390988816
30.4342685418
30.4391209895
30.4342909457
30.4391433054
30.4343135622
30.439165835
30.4343363971
30.4391885844
30.4343594567
30.43921156
30.4343827475
30.4392347684
30.4344062765
30.4392582167
30.4344300509
30.4392819123
30.4344540786
30.439305863
30.4344783675
30.4393300769
30.4345029261
30.4393545628
30.4345277633
30.4393793297
30.4345528886
30.4394043871
30.4345783116
30.4394297449
30.4346040428
30.4394554137
30.434630093
30.4394814044
30.4346564736
30.4395077287
30.4346831965
30.4395343987
30.4347102743
30.4395614272
30.4347377202
30.4395888275
30.4347655482
30.4396166139
30.4347937729
30.4396448013
30.4348224096
30.4396734051
30.4348514745
30.439702442
30.4348809847
30.4397319294
30.4349109581
30.4397618854
30.4349414139
30.4397923294
30.4349723718
30.4398232819
30.4350038532
30.4398547643
30.4350358803
30.4398867994
30.4350684767
30.4399194113
30.4351016674
30.4399526255
30.4351354789
30.4399864689
30.4351699393
30.4400209704
30.4352050782
30.4400561601
30.4352409274
30.4400920706
30.4352775204
30.4401287361
30.435314893
30.4401661931
30.4353530833
30.4402044808
30.4353921318
30.4402436406
30.4354320819
30.4402837171
30.4354729799
30.4403247576
30.4355148755
30.440366813
30.4355578216
30.440409938
30.4356018753
30.4404541909
30.4356470977
30.4404996348
30.4356935548
30.4405463373
30.4357413174
30.4405943715
30.435790462
30.4406438162
30.4358410714
30.4406947568
30.4358932351
30.4407472856
30.4359470501
30.4408015031
30.4360026221
30.4408575182
30.4360600657
30.4409154498
30.4361195064
30.4409754277
30.4361810809
30.441037594
30.4362449392
30.4411021043
30.4363112459
30.4411691298
30.4363801823
30.4412388591
30.4364519482
30.4413115007
30.4365267648
30.4413872853
30.4366048775
30.4414664695
30.4366865593
30.4415493391
30.4367721151
30.4416362139
30.4368618861
30.4417274522
30.4369562561
30.4418234581
30.437055658
30.4419246878
30.4371605819
30.4420316595
30.4372715857
30.4421449638
30.4373893066
30.4422652771
30.4375144763
30.4423933783
30.4376479396
30.4425301686
30.4377906768
30.4426766974
30.4379438327
30.4428341937
30.4381087528
30.4430041072
30.4382870298
30.4431881601
30.4384805633
30.4433884148
30.4386916379
30.4436073627
30.4389230263
30.4438480423
30.4391781273
30.4441141978
30.4394611528
30.4444104963
30.4397773858
30.4447428297
30.4401335415
30.445118741
30.4405382826
30.4455480381
30.4410029692
30.4460436973
30.4415427732
30.4466232204
30.4421783736
30.4473107237
30.4429385962
30.4481402301
30.4438646251
30.4491609816
30.4450168667
30.4504461697
30.4464862919
30.452107374
30.4484130573
30.454317808
30.4510152633
30.4573455106
30.4546239919
30.4615816522
30.459687876
30.4674932559
30.4666344882
30.4753752407
30.4755483424
30.4851159545
30.4862537743
30.4966962051
30.4989090033
30.5098985087
30.5115903921
30.51997619
30.5179943706
30.5231567016
30.5193397812
30.5236745912
30.5195345034
30.5237458263
30.5195606354
30.5237553548
30.5195641698
30.5237566339
30.5195646315
30.5237568032
30.519564696
30.5237568262
30.5195647038
30.5237568292
30.5195647051
30.5237568296
30.5195647052
30.5237568296
30.5195647052
30.5237568296
30.5195647052
30.5237568296
30.5195647052
30.5237568296
30.5195647052
30.5237568296
30.5195647052
30.5237568296
30.5195647052
30.5237568296
30.5195647052
30.5237568296
30.5195647052
30.5237568296
30.5195647052
30.5237568296
30.5195647052
30.5237568296
30.5195647052
30.5237568296
30.5195647052
30.5237568296
30.5195647052
30.5237568296
30.5195647052
30.5237568296
30.5195647052
30.5237568296
30.5195647052
30.5237568296
30.5195647052
30.5237568296
30.5195647052
30.5237568296
30.5195647052
30.5237568296
30.5195647052
30.5237568296
30.5195647052
30.5237568296
30.5195647052
30.5237568296
30.5195647052
30.5237568296
30.5195647052
30.5237568296
30.5195647052
30.5237568296
30.5195647052
30.5237568296
30.5195647052
30.5237568296
30.5195647052
30.5237568296
30.5195647052
30.5237568296
30.5195647052
30.5237568296
30.5195647052
30.5237568296
30.5195647052
30.5237568296
30.5195647052
30.5237568296
30.5195647052
30.5237568296
30.5195647052
30.5237568296
30.5195647052
30.5237568296
30.5195647052
30.5237568296
30.5195647052
30.5237568296
30.5195647052
30.5237568296
30.5195647052
30.5237568296
30.5195647052
30.5237568296
30.5195647052
30.5237568296
30.5195647052
30.5237568296
30.5195647052
30.5237568296
30.5195647052
30.5237568296
30.5195647052
30.5237568296
30.5195647052
30.5237568296
30.5195647052
30.5237568296
30.5195647052
30.5237568296
30.5195647052
30.5237568296
30.5195647052
30.5237568296
30.5195647052
30.5237568296
30.5195647052
30.5237568296
30.5195647052
30.5237568296
30.5195647052
30.5237568296
30.5195647052
30.5237568296
30.5195647052
30.5237568296
30.5195647052
30.5237568296
30.5195647052
30.5237568296
30.5195647052
30.5237568296
30.5195647052
30.5237568296
30.5195647052
30.5237568296
30.5195647052
30.5237568296
30.5195647052
30.5237568296
30.5195647052
30.5237568296
30.5195647052
30.5237568296
30.5195647052
30.5237568296
30.5195647052
30.5237568296
30.5195647052
30.5237568296
30.5195647052
30.5237568296
30.5195647052
30.5237568296
30.5195647052
30.5237568296
30.5195647052
30.5237568296
30.5195647052
30.5237568296
30.5195647052
30.5237568296
30.5195647052
30.5237568296
30.5195647052
30.5237568296
30.5195647052
30.5237568296
30.5195647052
30.5237568296
30.5195647052
30.5237568296
30.5195647052
30.5237568296
30.5195647052
30.5237568296
30.5195647052
30.5237568296
30.5195647052
30.5237568296
30.5195647052
30.5237568296
30.5195647052
30.5237568296
30.5195647052
30.5237568296
30.5195647052
30.5237568296
30.5195647052
30.5237568296
30.5195647052
30.5237568296
30.5195647052
30.5237568296
30.5195647052
30.5237568296
30.5195647052
30.5237568296
30.5195647052
30.5237568296
30.5195647052
30.5237568296
30.5195647052
30.5237568296
30.5195647052
30.5237568296
30.5195647052
30.5237568296
30.5195647052
30.5237568296
30.5195647052
30.5237568296
30.5195647052
30.5237568296
30.5195647052
30.5237568296
30.5195647052
30.5237568296
30.5195647052
30.5237568296
30.5195647052
30.5237568296
30.5195647052
30.5237568296
30.5195647052
30.5237568296
30.5195647052
30.5237568296
30.5195647052
30.5237568296
30.5195647052
30.5237568296
30.5195647052
30.5237568296
30.5195647052
30.5237568296
30.5195647052
30.5237568296
30.5195647052
30.5237568296
30.5195647052
30.5237568296
30.5195647052
30.5237568296
30.5195647052
30.5237568296
30.5195647052
30.5237568296
30.5195647052
30.5237568296
30.5195647052
30.5237568296
30.5195647052
30.5237568296
30.5195647052
30.5237568296
30.5195647052
30.5237568296
30.5195647052
30.5237568296
30.5195647052
30.5237568296
30.5195647052
30.5237568296
30.5195647052
30.5237568296
30.5195647052
30.5237568296
30.5195647052
30.5237568296
30.5195647052
30.5237568296
30.5195647052
30.5237568296
30.5195647052
30.5237568296
30.5195647052
30.5237568296
30.5195647052
30.5237568296
30.5195647052
30.5237568296
30.5195647052
30.5237568296
30.5195647052
30.5237568296
30.5195647052
30.5237568296
30.5195647052
30.5237568296
30.5195647052
30.5237568296
30.5195647052
30.5237568296
30.5195647052
30.5237568296
30.5195647052
30.5237568296
30.5195647052
30.5237568296
30.5195647052
30.5237568296
30.5195647052
30.5237568296
30.5195647052
30.5237568296
30.5195647052
30.5237568296
30.5195647052
30.5237568296
30.5195647052
30.5237568296
30.5195647052
30.5237568296
30.5195647052
30.5237568296
30.5195647052
30.5237568296
30.5195647052
30.5237568296
30.5195647052
30.5237568296
30.5195647052
30.5237568296
30.5195647052
30.5237568296
30.5195647052
30.5237568296
30.5195647052
30.5237568296
30.5195647052
30.5237568296
30.5195647052
30.5237568296
30.5195647052
30.5237568296
30.5195647052
30.5237568296
30.5195647052
30.5237568296
30.5195647052
30.5237568296
30.5195647052
30.5237568296
30.5195647052
30.5237568296
30.5195647052
30.5237568296
30.5195647052
30.5237568296
30.5195647052
30.5237568296
30.5195647052
30.5237568296
30.5195647052
30.5237568296
30.5195647052
30.5237568296
30.5195647052
30.5237568296
30.5195647052
30.5237568296
30.5195647052
30.5237568296
30.5195647052
30.5237568296
30.5195647052
30.5237568296
30.5195647052
30.5237568296
30.5195647052
30.5237568296
30.5195647052
30.5237568296
30.5195647052
30.5237568296
30.5195647052
30.5237568296
30.5195647052
30.5237568296
30.5195647052
30.5237568296
30.5195647052
30.5237568296
30.5195647052
30.5237568296
30.5195647052
30.5237568296
30.5195647052
30.5237568296
30.5195647052
30.5237568296
30.5195647052
30.5237568296
30.5195647052
30.5237568296
30.5195647052
30.5237568296
30.5195647052
30.5237568296
30.5195647052
30.5237568296
30.5195647052
30.5237568296
30.5195647052
30.5237568296
30.5195647052
30.5237568296
30.5195647052
30.5237568296
30.5195647052
30.5237568296
30.5195647052
30.5237568296
30.5195647052
30.5237568296
30.5195647052
30.5237568296
30.5195647052
30.5237568296
30.5195647052
30.5237568296
30.5195647052
30.5237568296
30.5195647052
30.5237568296
30.5195647052
30.5237568296
30.5195647052
30.5237568296
30.5195647052
30.5237568296
30.5195647052
30.5237568296
30.5195647052
30.5237568296
30.5195647052
30.5237568296
30.5195647052
30.5237568296
30.5195647052
30.5237568296
30.5195647052
30.5237568296
30.5195647052
30.5237568296
30.5195647052
30.5237568296
30.5195647052
30.5237568296
30.5195647052
30.5237568296
30.5195647052
30.5237568296
30.5195647052
30.5237568296
30.5195647052
30.5237568296
30.5195647052
30.5237568296
30.5195647052
30.5237568296
30.5195647052
30.5237568296
30.5195647052
30.5237568296
30.5195647052
30.5237568296
30.5195647052
30.5237568296
30.5195647052
30.5237568296
30.5195647052
30.5237568296
30.5195647052
30.5237568296
30.5195647052
30.5237568296
30.5195647052
30.5237568296
30.5195647052
30.5237568296
30.5195647052
30.5237568296
30.5195647052
30.5237568296
30.5195647052
30.5237568296
30.5195647052
30.5237568296
30.5195647052
30.5237568296
30.5195647052
30.5237568296
30.5195647052
30.5237568296
30.5195647052
30.5237568296
30.5195647052
30.5237568296
30.5195647052
30.5237568296
30.5195647052
30.5237568296
30.5195647052
30.5237568296
30.5195647052
30.5237568296
30.5195647052
30.5237568296
30.5195647052
30.5237568296
30.5195647052
30.5237568296
30.5195647052
30.5237568296
30.5195647052
30.5237568296
30.5195647052
30.5237568296
30.5195647052
30.5237568296
30.5195647052
30.5237568296
30.5195647052
30.5237568296
30.5195647052
30.5237568296
30.5195647052
30.5237568296
30.5195647052
30.5237568296
30.5195647052
30.5237568296
30.5195647052
30.5237568296
30.5195647052
30.5237568296
30.5195647052
30.5237568296
30.5195647052
30.5237568296
30.5195647052
30.5237568296
30.5195647052
30.5237568296
30.5195647052
30.5237568296
30.5195647052
30.5237568296
30.5195647052
30.5237568296
30.5195647052
30.5237568296
30.5195647052
30.5237568296
30.5195647052
30.5237568296
30.5195647052
30.5237568296
30.5195647052
30.5237568296
30.5195647052
30.5237568296
30.5195647052
30.5237568296
30.5195647052
30.5237568296
30.5195647052
30.5237568296
30.5195647052
30.5237568296
30.5195647052
30.5237568296
30.5195647052
30.5237568296
30.5195647052
30.5237568296
30.5195647052
30.5237568296
30.5195647052
30.5237568296
30.5195647052
30.5237568296
30.5195647052
30.5237568296
30.5195647052
30.5237568296
30.5195647052
30.5237568296
30.5195647052
30.5237568296
30.5195647052
30.5237568296
30.5195647052
30.5237568296
30.5195647052
30.5237568296
30.5195647052
30.5237568296
30.5195647052
30.5237568296
30.5195647052
30.5237568296
30.5195647052
30.5237568296
30.5195647052
30.5237568296
30.5195647052
30.5237568296
30.5195647052
30.5237568296
30.5195647052
30.5237568296
30.5195647052
30.5237568296
30.5195647052
30.5237568296
30.5195647052
30.5237568296
30.5195647052
30.5237568296
30.5195647052
30.5237568296
30.5195647052
30.5237568296
30.5195647052
30.5237568296
30.5195647052
30.5237568296
30.5195647052
30.5237568296
30.5195647052
30.5237568296
30.5195647052
30.5237568296
30.5195647052
30.5237568296
30.5195647052
30.5237568296
30.5195647052
30.5237568296
30.5195647052
