21.973330212
21.9733792899
21.9735111578
21.9736565754
21.9738172443
21.9739956051
21.9741953995
21.9744226029
21.9746868921
21.975004032
21.9753998331
21.9759164098
21.9766196986
21.9775974543
21.9789103718
21.9804656282
21.9819785257
21.9832108446
21.9841254906
21.9847891893
21.9852764993
21.9856429339
21.9859257357
21.9861493884
21.9863301463
21.9864790248
21.9866036694
21.9867095129
21.9868005039
21.986879571
21.9869489277
21.987010275
21.9870649406
21.9871139744
21.987158218
21.9871983528
21.9872349367
21.9872684307
21.987299219
21.9873276243
21.9873539196
21.9873783375
21.9874010775
21.9874223113
21.9874421881
21.9874608375
21.9874783732
21.987494895
21.987510491
21.9875252395
21.9875392097
21.9875524637
21.987565057
21.9875770394
21.9875884558
21.9875993468
21.9876097489
21.9876196956
21.9876292172
21.9876383413
21.9876470931
21.9876554959
21.9876635707
21.9876713373
21.9876788134
21.9876860158
21.9876929598
21.9876996594
21.9877061279
21.9877123776
21.9877184196
21.9877242647
21.9877299226
21.9877354025
21.9877407131
21.9877458623
21.9877508578
21.9877557065
21.987760415
21.9877649897
21.9877694364
21.9877737605
21.9877779673
21.9877820617
21.9877860483
21.9877899315
21.9877937153
21.9877974038
21.9878010007
21.9878045094
21.9878079333
21.9878112755
21.987814539
21.9878177268
21.9878208415
21.9878238858
21.987826862
21.9878297725
21.9878326196
21.9878354054
21.987838132
21.9878408012
21.987843415
21.9878459752
21.9878484834
21.9878509413
21.9878533504
21.9878557123
21.9878580283
21.9878602999
21.9878625284
21.987864715
21.9878668609
21.9878689674
21.9878710356
21.9878730665
21.9878750612
21.9878770206
21.9878789459
21.9878808377
21.9878826972
21.9878845251
21.9878863222
21.9878880894
21.9878898275
21.9878915372
21.9878932191
21.9878948741
21.9878965027
21.9878981057
21.9878996836
21.9879012371
21.9879027668
21.9879042731
21.9879057568
21.9879072182
21.987908658
21.9879100766
21.9879114744
21.9879128521
21.98791421
21.9879155486
21.9879168682
21.9879181694
21.9879194525
21.9879207179
21.987921966
21.9879231972
21.9879244117
21.98792561
21.9879267925
21.9879279593
21.9879291109
21.9879302476
21.9879313696
21.9879324773
21.9879335709
21.9879346507
21.987935717
21.98793677
21.9879378101
21.9879388374
21.9879398523
21.9879408548
21.9879418453
21.9879428241
21.9879437912
21.9879447469
21.9879456915
21.9879466251
21.987947548
21.9879484603
21.9879493622
21.9879502539
21.9879511356
21.9879520075
21.9879528696
21.9879537223
21.9879545656
21.9879553998
21.9879562249
21.9879570411
21.9879578487
21.9879586476
21.9879594381
21.9879602203
21.9879609944
21.9879617604
21.9879625185
21.9879632689
21.9879640115
21.9879647467
21.9879654745
21.987966195
21.9879669082
21.9879676145
21.9879683137
21.9879690062
21.9879696918
21.9879703709
21.9879710434
21.9879717094
21.9879723691
21.9879730226
21.9879736699
21.9879743111
21.9879749463
21.9879755757
21.9879761992
21.987976817
21.9879774292
21.9879780358
21.9879786369
21.9879792327
21.9879798231
21.9879804082
21.9879809881
21.987981563
21.9879821328
21.9879826976
21.9879832575
21.9879838126
21.9879843629
21.9879849086
21.9879854495
21.9879859859
21.9879865178
21.9879870451
21.9879875681
21.9879880868
21.9879886011
21.9879891113
21.9879896172
21.987990119
21.9879906167
21.9879911105
21.9879916002
21.987992086
21.987992568
21.9879930461
21.9879935204
21.987993991
21.987994458
21.9879949213
21.9879953809
21.9879958371
21.9879962897
21.9879967389
21.9879971846
21.987997627
21.987998066
21.9879985017
21.9879989341
21.9879993634
21.9879997894
21.9880002122
21.988000632
21.9880010487
21.9880014623
21.9880018729
21.9880022806
21.9880026853
21.988003087
21.988003486
21.988003882
21.9880042753
21.9880046658
21.9880050535
21.9880054385
21.9880058208
21.9880062005
21.9880065775
21.9880069519
21.9880073237
21.988007693
21.9880080598
21.9880084241
21.9880087859
21.9880091453
21.9880095022
21.9880098568
21.988010209
21.9880105588
21.9880109064
21.9880112516
21.9880115946
21.9880119354
21.9880122739
21.9880126102
21.9880129443
21.9880132763
21.9880136062
21.9880139339
21.9880142596
21.9880145831
21.9880149047
21.9880152242
21.9880155417
21.9880158572
21.9880161707
21.9880164823
21.988016792
21.9880170997
21.9880174055
21.9880177095
21.9880180116
21.9880183119
21.9880186104
21.988018907
21.9880192019
21.9880194949
21.9880197863
21.9880200759
21.9880203637
21.9880206499
21.9880209344
21.9880212172
21.9880214983
21.9880217778
21.9880220557
21.9880223319
21.9880226066
21.9880228796
21.9880231511
21.9880234211
21.9880236895
21.9880239564
21.9880242217
21.9880244856
21.9880247479
21.9880250088
21.9880252682
21.9880255262
21.9880257828
21.9880260379
21.9880262916
21.9880265439
21.9880267948
21.9880270444
21.9880272925
21.9880275394
21.9880277848
21.988028029
21.9880282718
21.9880285134
21.9880287536
21.9880289926
21.9880292302
21.9880294666
21.9880297018
21.9880299357
21.9880301684
21.9880303999
21.9880306301
21.9880308592
21.988031087
21.9880313137
21.9880315392
21.9880317635
21.9880319867
21.9880322088
21.9880324297
21.9880326494
21.9880328681
21.9880330856
21.9880333021
21.9880335174
21.9880337317
21.9880339449
21.9880341571
21.9880343681
21.9880345782
21.9880347872
21.9880349951
21.988035202
21.9880354079
21.9880356129
21.9880358168
21.9880360197
21.9880362216
21.9880364225
21.9880366225
21.9880368215
21.9880370196
21.9880372167
21.9880374128
21.9880376081
21.9880378023
21.9880379957
21.9880381882
21.9880383797
21.9880385704
21.9880387601
21.988038949
21.988039137
21.9880393241
21.9880395104
21.9880396957
21.9880398803
21.9880400639
21.9880402468
21.9880404288
21.9880406099
21.9880407903
21.9880409698
21.9880411485
21.9880413264
21.9880415035
21.9880416798
21.9880418553
21.98804203
21.9880422039
21.9880423771
21.9880425495
21.9880427211
21.988042892
21.9880430621
21.9880432315
21.9880434001
21.988043568
21.9880437352
21.9880439016
21.9880440673
21.9880442323
21.9880443966
21.9880445602
21.988044723
21.9880448852
21.9880450467
21.9880452074
21.9880453675
21.9880455269
21.9880456857
21.9880458438
21.9880460012
21.9880461579
21.988046314
21.9880464694
21.9880466242
21.9880467783
21.9880469318
21.9880470847
21.9880472369
21.9880473885
21.9880475395
21.9880476898
21.9880478395
21.9880479887
21.9880481372
21.9880482851
21.9880484324
21.9880485791
21.9880487252
21.9880488707
21.9880490157
21.98804916
21.9880493038
21.988049447
21.9880495897
21.9880497317
21.9880498732
21.9880500142
21.9880501546
21.9880502944
21.9880504337
21.9880505724
21.9880507106
21.9880508482
21.9880509854
21.9880511219
21.988051258
21.9880513935
21.9880515285
21.988051663
21.9880517969
21.9880519304
21.9880520633
21.9880521957
21.9880523277
21.9880524591
21.98805259
21.9880527204
21.9880528504
21.9880529798
21.9880531087
21.9880532372
21.9880533652
21.9880534927
21.9880536197
21.9880537463
21.9880538724
21.988053998
21.9880541231
21.9880542478
21.988054372
21.9880544958
21.9880546191
21.988054742
21.9880548644
21.9880549864
21.9880551079
21.988055229
21.9880553496
21.9880554698
21.9880555896
21.988055709
21.9880558279
21.9880559464
21.9880560644
21.9880561821
21.9880562993
21.9880564161
21.9880565325
21.9880566484
21.988056764
21.9880568791
21.9880569939
21.9880571082
21.9880572222
21.9880573357
21.9880574489
21.9880575616
21.988057674
21.988057786
21.9880578975
21.9880580087
21.9880581195
21.98805823
21.98805834
21.9880584497
21.988058559
21.9880586679
21.9880587764
21.9880588846
21.9880589924
21.9880590999
21.9880592069
21.9880593136
21.98805942
21.988059526
21.9880596316
21.9880597369
21.9880598419
21.9880599464
21.9880600507
21.9880601545
21.9880602581
21.9880603613
21.9880604641
21.9880605666
21.9880606688
21.9880607707
21.9880608722
21.9880609733
21.9880610742
21.9880611747
21.9880612749
21.9880613747
21.9880614742
21.9880615734
21.9880616723
21.9880617709
21.9880618691
21.9880619671
21.9880620647
21.988062162
21.988062259
21.9880623557
21.988062452
21.9880625481
21.9880626439
21.9880627393
21.9880628345
21.9880629293
21.9880630239
21.9880631181
21.9880632121
21.9880633057
21.9880633991
21.9880634922
21.9880635849
21.9880636774
21.9880637696
21.9880638616
21.9880639532
21.9880640445
21.9880641356
21.9880642264
21.9880643169
21.9880644071
21.9880644971
21.9880645868
21.9880646762
21.9880647653
21.9880648541
21.9880649427
21.988065031
21.9880651191
21.9880652069
21.9880652944
21.9880653816
21.9880654686
21.9880655553
21.9880656418
21.988065728
21.988065814
21.9880658996
21.9880659851
21.9880660703
21.9880661552
21.9880662399
21.9880663243
21.9880664085
21.9880664924
21.9880665761
21.9880666595
21.9880667427
21.9880668256
21.9880669083
21.9880669908
21.988067073
21.988067155
21.9880672367
21.9880673182
21.9880673995
21.9880674805
21.9880675613
21.9880676419
21.9880677222
21.9880678023
21.9880678822
21.9880679618
21.9880680413
21.9880681204
21.9880681994
21.9880682781
21.9880683566
21.9880684349
21.988068513
21.9880685908
21.9880686685
21.9880687459
21.9880688231
21.9880689
21.9880689768
21.9880690533
21.9880691297
21.9880692058
21.9880692817
21.9880693574
21.9880694328
21.9880695081
21.9880695832
21.988069658
21.9880697327
21.9880698071
21.9880698813
21.9880699554
21.9880700292
21.9880701028
21.9880701762
21.9880702495
21.9880703225
21.9880703953
21.9880704679
21.9880705404
21.9880706126
21.9880706846
21.9880707565
21.9880708281
21.9880708996
21.9880709708
21.9880710419
21.9880711128
21.9880711835
21.988071254
21.9880713243
21.9880713944
21.9880714643
21.9880715341
21.9880716037
21.988071673
21.9880717422
21.9880718112
21.9880718801
21.9880719487
21.9880720172
21.9880720855
21.9880721536
21.9880722215
21.9880722893
21.9880723569
21.9880724243
21.9880724915
21.9880725585
21.9880726254
21.9880726921
21.9880727586
21.988072825
21.9880728912
21.9880729572
21.988073023
21.9880730887
21.9880731542
21.9880732196
21.9880732847
21.9880733497
21.9880734146
21.9880734792
21.9880735438
21.9880736081
21.9880736723
21.9880737363
21.9880738002
21.9880738639
21.9880739274
21.9880739908
21.988074054
21.988074117
21.9880741799
21.9880742427
21.9880743053
21.9880743677
21.98807443
21.9880744921
21.988074554
21.9880746158
21.9880746775
21.988074739
21.9880748003
21.9880748615
21.9880749226
21.9880749835
21.9880750442
21.9880751048
21.9880751653
21.9880752256
21.9880752857
21.9880753457
21.9880754056
21.9880754653
21.9880755249
21.9880755843
21.9880756436
21.9880757027
21.9880757617
21.9880758206
21.9880758793
21.9880759378
21.9880759962
21.9880760545
21.9880761127
21.9880761707
21.9880762285
21.9880762863
21.9880763439
21.9880764013
21.9880764586
21.9880765158
21.9880765729
21.9880766298
21.9880766865
21.9880767432
21.9880767997
21.988076856
21.9880769123
21.9880769684
21.9880770244
21.9880770802
21.9880771359
21.9880771915
21.988077247
21.9880773023
21.9880773575
21.9880774125
21.9880774675
21.9880775223
21.988077577
21.9880776315
21.9880776859
21.9880777402
21.9880777944
21.9880778485
21.9880779024
21.9880779562
21.9880780099
21.9880780635
21.9880781169
21.9880781702
21.9880782234
21.9880782765
21.9880783294
21.9880783822
21.9880784349
21.9880784875
21.98807854
21.9880785924
21.9880786446
21.9880786967
21.9880787487
21.9880788006
21.9880788523
21.988078904
21.9880789555
21.9880790069
21.9880790582
21.9880791094
21.9880791605
21.9880792115
21.9880792623
21.988079313
21.9880793636
21.9880794141
21.9880794645
21.9880795148
21.988079565
21.9880796151
21.988079665
21.9880797148
21.9880797646
21.9880798142
21.9880798637
21.9880799131
21.9880799624
21.9880800116
21.9880800607
21.9880801097
21.9880801585
21.9880802073
21.9880802559
21.9880803045
21.9880803529
21.9880804013
21.9880804495
21.9880804976
21.9880805457
21.9880805936
21.9880806414
21.9880806891
21.9880807367
21.9880807842
21.9880808317
21.988080879
21.9880809262
21.9880809733
21.9880810203
21.9880810672
21.988081114
21.9880811607
21.9880812073
21.9880812538
21.9880813002
21.9880813466
21.9880813928
21.9880814389
21.9880814849
21.9880815308
21.9880815767
21.9880816224
21.988081668
21.9880817136
21.988081759
21.9880818044
21.9880818496
21.9880818948
21.9880819399
21.9880819848
21.9880820297
21.9880820745
21.9880821192
21.9880821638
21.9880822083
21.9880822527
21.988082297
21.9880823413
21.9880823854
21.9880824295
21.9880824734
21.9880825173
21.9880825611
21.9880826048
21.9880826484
21.9880826919
21.9880827353
21.9880827787
21.9880828219
21.9880828651
21.9880829082
21.9880829511
21.988082994
21.9880830368
21.9880830796
21.9880831222
21.9880831648
21.9880832072
21.9880832496
21.9880832919
21.9880833341
21.9880833763
21.9880834183
21.9880834603
21.9880835021
21.9880835439
21.9880835856
21.9880836273
21.9880836688
21.9880837103
21.9880837516
21.9880837929
21.9880838342
21.9880838753
21.9880839163
21.9880839573
21.9880839982
21.988084039
21.9880840797
21.9880841204
21.988084161
21.9880842015
21.9880842419
21.9880842822
21.9880843224
21.9880843626
21.9880844027
21.9880844427
21.9880844827
21.9880845225
21.9880845623
21.988084602
21.9880846417
21.9880846812
21.9880847207
21.9880847601
21.9880847994
21.9880848387
21.9880848778
21.9880849169
21.988084956
21.9880849949
21.9880850338
21.9880850726
21.9880851113
21.98808515
21.9880851885
21.988085227
21.9880852655
21.9880853038
21.9880853421
21.9880853803
21.9880854185
21.9880854565
21.9880854945
21.9880855324
21.9880855703
21.9880856081
21.9880856458
21.9880856834
21.988085721
21.9880857585
21.9880857959
21.9880858333
21.9880858706
21.9880859078
21.9880859449
21.988085982
21.988086019
21.9880860559
21.9880860928
21.9880861296
21.9880861663
21.988086203
21.9880862396
21.9880862761
21.9880863126
21.988086349
21.9880863853
21.9880864216
21.9880864578
21.9880864939
21.98808653
21.988086566
21.9880866019
21.9880866377
21.9880866735
21.9880867093
21.9880867449
21.9880867805
21.9880868161
21.9880868516
21.988086887
21.9880869223
21.9880869576
21.9880869928
21.9880870279
21.988087063
21.9880870981
21.988087133
21.9880871679
21.9880872027
21.9880872375
