33.6621414334
32.7825506744
32.8084827583
32.8129186823
32.8139987666
32.8145500573
32.814550573
32.8141377284
32.8131691847
32.8083282481
32.7928443574
32.7646761169
32.726765683
32.7211367384
32.7215294211
32.7213811195
32.7209482058
32.7203001149
32.7193089072
32.7176477795
32.7147369122
32.7113447693
32.7124522954
32.7148947559
32.7156080968
32.7158195048
32.7159016978
32.7159433618
32.7159684585
32.7159851998
32.7159971141
32.7160059839
32.7160128122
32.716018207
32.7160225584
32.7160261276
32.7160290961
32.7160315937
32.7160337156
32.7160355333
32.7160371012
32.7160384618
32.7160396485
32.7160406878
32.7160416014
32.7160424068
32.7160431186
32.7160437487
32.7160443072
32.7160448027
32.7160452423
32.7160456324
32.7160459782
32.7160462842
32.7160465546
32.7160467927
32.7160470017
32.7160471842
32.7160473426
32.716047479
32.7160475953
32.7160476931
32.716047774
32.7160478393
32.7160478902
32.7160479278
32.7160479531
32.7160479669
32.7160479702
32.7160479635
32.7160479477
32.7160479233
32.716047891
32.7160478511
32.7160478042
32.7160477508
32.7160476911
32.7160476257
32.7160475549
32.716047479
32.7160473982
32.7160473129
32.7160472233
32.7160471296
32.7160470321
32.716046931
32.7160468265
32.7160467187
32.7160466079
32.7160464941
32.7160463776
32.7160462585
32.7160461369
32.7160460129
32.7160458866
32.7160457582
32.7160456278
32.7160454954
32.7160453612
32.7160452252
32.7160450876
32.7160449483
32.7160448075
32.7160446653
32.7160445216
32.7160443767
32.7160442304
32.716044083
32.7160439344
32.7160437846
32.7160436338
32.716043482
32.7160433293
32.7160431756
32.716043021
32.7160428655
32.7160427093
32.7160425522
32.7160423945
32.7160422359
32.7160420768
32.7160419169
32.7160417564
32.7160415953
32.7160414337
32.7160412715
32.7160411087
32.7160409454
32.7160407817
32.7160406175
32.7160404528
32.7160402877
32.7160401222
32.7160399563
32.71603979
32.7160396234
32.7160394564
32.716039289
32.7160391214
32.7160389534
32.7160387852
32.7160386167
32.7160384479
32.7160382788
32.7160381095
32.71603794
32.7160377702
32.7160376002
32.7160374301
32.7160372597
32.7160370891
32.7160369184
32.7160367475
32.7160365764
32.7160364052
32.7160362338
32.7160360623
32.7160358906
32.7160357188
32.7160355469
32.7160353749
32.7160352028
32.7160350306
32.7160348583
32.7160346859
32.7160345134
32.7160343408
32.7160341681
32.7160339954
32.7160338226
32.7160336498
32.7160334769
32.7160333039
32.7160331309
32.7160329578
32.7160327847
32.7160326116
32.7160324384
32.7160322652
32.7160320919
32.7160319187
32.7160317454
32.7160315721
32.7160313988
32.7160312254
32.7160310521
32.7160308787
32.7160307053
32.716030532
32.7160303586
32.7160301852
32.7160300119
32.7160298385
32.7160296652
32.7160294918
32.7160293185
32.7160291452
32.7160289719
32.7160287986
32.7160286253
32.716028452
32.7160282788
32.7160281056
32.7160279324
32.7160277593
32.7160275862
32.7160274131
32.71602724
32.716027067
32.716026894
32.716026721
32.7160265481
32.7160263752
32.7160262023
32.7160260295
32.7160258567
32.716025684
32.7160255113
32.7160253386
32.716025166
32.7160249935
32.7160248209
32.7160246485
32.716024476
32.7160243036
32.7160241313
32.716023959
32.7160237868
32.7160236146
32.7160234425
32.7160232704
32.7160230984
32.7160229264
32.7160227545
32.7160225826
32.7160224108
32.716022239
32.7160220673
32.7160218957
32.7160217241
32.7160215526
32.7160213811
32.7160212097
32.7160210383
32.716020867
32.7160206957
32.7160205246
32.7160203534
32.7160201824
32.7160200114
32.7160198404
32.7160196695
32.7160194987
32.7160193279
32.7160191572
32.7160189866
32.716018816
32.7160186455
32.716018475
32.7160183047
32.7160181343
32.7160179641
32.7160177939
32.7160176237
32.7160174536
32.7160172836
32.7160171137
32.7160169438
32.716016774
32.7160166042
32.7160164345
32.7160162649
32.7160160953
32.7160159258
32.7160157564
32.716015587
32.7160154177
32.7160152485
32.7160150793
32.7160149102
32.7160147411
32.7160145721
32.7160144032
32.7160142344
32.7160140656
32.7160138969
32.7160137282
32.7160135596
32.7160133911
32.7160132226
32.7160130542
32.7160128859
32.7160127176
32.7160125494
32.7160123813
32.7160122132
32.7160120452
32.7160118772
32.7160117093
32.7160115415
32.7160113738
32.7160112061
32.7160110385
32.7160108709
32.7160107034
32.716010536
32.7160103686
32.7160102013
32.7160100341
32.7160098669
32.7160096998
32.7160095327
32.7160093657
32.7160091988
32.716009032
32.7160088652
32.7160086985
32.7160085318
32.7160083652
32.7160081986
32.7160080322
32.7160078658
32.7160076994
32.7160075331
32.7160073669
32.7160072007
32.7160070346
32.7160068686
32.7160067026
32.7160065367
32.7160063708
32.7160062051
32.7160060393
32.7160058737
32.7160057081
32.7160055425
32.716005377
32.7160052116
32.7160050462
32.7160048809
32.7160047157
32.7160045505
32.7160043854
32.7160042204
32.7160040554
32.7160038904
32.7160037255
32.7160035607
32.716003396
32.7160032313
32.7160030666
32.716002902
32.7160027375
32.7160025731
32.7160024086
32.7160022443
32.71600208
32.7160019158
32.7160017516
32.7160015875
32.7160014234
32.7160012594
32.7160010955
32.7160009316
32.7160007678
32.716000604
32.7160004403
32.7160002767
32.7160001131
32.7159999495
32.715999786
32.7159996226
32.7159994592
32.7159992959
32.7159991327
32.7159989695
32.7159988063
32.7159986432
32.7159984802
32.7159983172
32.7159981543
32.7159979914
32.7159978286
32.7159976658
32.7159975031
32.7159973404
32.7159971778
32.7159970153
32.7159968528
32.7159966903
32.7159965279
32.7159963656
32.7159962033
32.7159960411
32.7159958789
32.7159957168
32.7159955547
32.7159953927
32.7159952307
32.7159950688
32.7159949069
32.7159947451
32.7159945833
32.7159944216
32.71599426
32.7159940984
32.7159939368
32.7159937753
32.7159936138
32.7159934524
32.715993291
32.7159931297
32.7159929685
32.7159928073
32.7159926461
32.715992485
32.7159923239
32.7159921629
32.7159920019
32.715991841
32.7159916801
32.7159915193
32.7159913585
32.7159911978
32.7159910371
32.7159908765
32.7159907159
32.7159905554
32.7159903949
32.7159902345
32.7159900741
32.7159899137
32.7159897534
32.7159895932
32.7159894329
32.7159892728
32.7159891127
32.7159889526
32.7159887926
32.7159886326
32.7159884726
32.7159883127
32.7159881529
32.7159879931
32.7159878333
32.7159876736
32.7159875139
32.7159873543
32.7159871947
32.7159870352
32.7159868757
32.7159867162
32.7159865568
32.7159863975
32.7159862381
32.7159860789
32.7159859196
32.7159857604
32.7159856013
32.7159854422
32.7159852831
32.7159851241
32.7159849651
32.7159848061
32.7159846472
32.7159844883
32.7159843295
32.7159841707
32.715984012
32.7159838533
32.7159836946
32.715983536
32.7159833774
32.7159832189
32.7159830604
32.7159829019
32.7159827435
32.7159825851
32.7159824268
32.7159822685
32.7159821102
32.715981952
32.7159817938
32.7159816356
32.7159814775
32.7159813194
32.7159811614
32.7159810034
32.7159808454
32.7159806875
32.7159805296
32.7159803718
32.7159802139
32.7159800562
32.7159798984
32.7159797407
32.715979583
32.7159794254
32.7159792678
32.7159791102
32.7159789527
32.7159787952
32.7159786378
32.7159784804
32.715978323
32.7159781656
32.7159780083
32.715977851
32.7159776938
32.7159775365
32.7159773794
32.7159772222
32.7159770651
32.715976908
32.715976751
32.715976594
32.715976437
32.71597628
32.7159761231
32.7159759662
32.7159758094
32.7159756526
32.7159754958
32.715975339
32.7159751823
32.7159750256
32.715974869
32.7159747123
32.7159745558
32.7159743992
32.7159742427
32.7159740862
32.7159739297
32.7159737732
32.7159736168
32.7159734605
32.7159733041
32.7159731478
32.7159729915
32.7159728352
32.715972679
32.7159725228
32.7159723666
32.7159722105
32.7159720544
32.7159718983
32.7159717422
32.7159715862
32.7159714302
32.7159712742
32.7159711183
32.7159709624
32.7159708065
32.7159706506
32.7159704948
32.715970339
32.7159701832
32.7159700274
32.7159698717
32.715969716
32.7159695603
32.7159694047
32.7159692491
32.7159690935
32.7159689379
32.7159687824
32.7159686268
32.7159684713
32.7159683159
32.7159681604
32.715968005
32.7159678496
32.7159676943
32.7159675389
32.7159673836
32.7159672283
32.715967073
32.7159669178
32.7159667626
32.7159666074
32.7159664522
32.7159662971
32.7159661419
32.7159659868
32.7159658318
32.7159656767
32.7159655217
32.7159653666
32.7159652117
32.7159650567
32.7159649017
32.7159647468
32.7159645919
32.715964437
32.7159642822
32.7159641274
32.7159639725
32.7159638177
32.715963663
32.7159635082
32.7159633535
32.7159631988
32.7159630441
32.7159628894
32.7159627348
32.7159625801
32.7159624255
32.7159622709
32.7159621164
32.7159619618
32.7159618073
32.7159616528
32.7159614983
32.7159613438
32.7159611894
32.7159610349
32.7159608805
32.7159607261
32.7159605717
32.7159604174
32.715960263
32.7159601087
32.7159599544
32.7159598001
32.7159596458
32.7159594916
32.7159593373
32.7159591831
32.7159590289
32.7159588747
32.7159587205
32.7159585664
32.7159584122
32.7159582581
32.715958104
32.7159579499
32.7159577958
32.7159576418
32.7159574877
32.7159573337
32.7159571797
32.7159570257
32.7159568717
32.7159567177
32.7159565638
32.7159564099
32.7159562559
32.715956102
32.7159559481
32.7159557942
32.7159556404
32.7159554865
32.7159553327
32.7159551788
32.715955025
32.7159548712
32.7159547174
32.7159545637
32.7159544099
32.7159542561
32.7159541024
32.7159539487
32.715953795
32.7159536413
32.7159534876
32.7159533339
32.7159531802
32.7159530266
32.7159528729
32.7159527193
32.7159525657
32.7159524121
32.7159522585
32.7159521049
32.7159519513
32.7159517977
32.7159516442
32.7159514906
32.7159513371
32.7159511836
32.7159510301
32.7159508766
32.7159507231
32.7159505696
32.7159504161
32.7159502626
32.7159501092
32.7159499557
32.7159498023
32.7159496488
32.7159494954
32.715949342
32.7159491886
32.7159490352
32.7159488818
32.7159487284
32.715948575
32.7159484216
32.7159482683
32.7159481149
32.7159479616
32.7159478082
32.7159476549
32.7159475016
32.7159473482
32.7159471949
32.7159470416
32.7159468883
32.715946735
32.7159465817
32.7159464284
32.7159462752
32.7159461219
32.7159459686
32.7159458154
32.7159456621
32.7159455088
32.7159453556
32.7159452023
32.7159450491
32.7159448959
32.7159447426
32.7159445894
32.7159444362
32.715944283
32.7159441298
32.7159439765
32.7159438233
32.7159436701
32.7159435169
32.7159433637
32.7159432105
32.7159430573
32.7159429042
32.715942751
32.7159425978
32.7159424446
32.7159422914
32.7159421382
32.7159419851
32.7159418319
32.7159416787
32.7159415255
32.7159413724
32.7159412192
32.715941066
32.7159409129
32.7159407597
32.7159406065
32.7159404534
32.7159403002
32.715940147
32.7159399939
32.7159398407
32.7159396876
32.7159395344
32.7159393812
32.7159392281
32.7159390749
32.7159389217
32.7159387686
32.7159386154
32.7159384622
32.7159383091
32.7159381559
32.7159380027
32.7159378495
32.7159376964
32.7159375432
32.71593739
32.7159372368
32.7159370836
32.7159369304
32.7159367772
32.7159366241
32.7159364709
32.7159363177
32.7159361645
32.7159360113
32.715935858
32.7159357048
32.7159355516
32.7159353984
32.7159352452
32.7159350919
32.7159349387
32.7159347855
32.7159346322
32.715934479
32.7159343257
32.7159341725
32.7159340192
32.7159338659
32.7159337127
32.7159335594
32.7159334061
32.7159332528
32.7159330995
32.7159329462
32.7159327929
32.7159326396
32.7159324863
32.715932333
32.7159321796
32.7159320263
32.715931873
32.7159317196
32.7159315663
32.7159314129
32.7159312595
32.7159311061
32.7159309527
32.7159307993
32.7159306459
32.7159304925
32.7159303391
32.7159301857
32.7159300322
32.7159298788
32.7159297253
32.7159295719
32.7159294184
32.7159292649
32.7159291114
32.7159289579
32.7159288044
32.7159286509
32.7159284974
32.7159283438
32.7159281903
32.7159280367
32.7159278831
32.7159277296
32.715927576
32.7159274224
32.7159272687
32.7159271151
32.7159269615
32.7159268078
32.7159266542
32.7159265005
32.7159263468
32.7159261931
32.7159260394
32.7159258857
32.715925732
32.7159255782
32.7159254245
32.7159252707
32.7159251169
32.7159249631
32.7159248093
32.7159246555
32.7159245017
32.7159243478
32.715924194
32.7159240401
32.7159238862
32.7159237323
32.7159235784
32.7159234244
32.7159232705
32.7159231165
32.7159229626
32.7159228086
32.7159226546
32.7159225005
32.7159223465
32.7159221925
32.7159220384
32.7159218843
32.7159217302
32.7159215761
32.715921422
32.7159212678
32.7159211137
32.7159209595
32.7159208053
32.7159206511
32.7159204968
32.7159203426
32.7159201883
32.715920034
32.7159198797
32.7159197254
32.7159195711
32.7159194167
32.7159192624
32.715919108
32.7159189536
32.7159187992
32.7159186447
32.7159184902
32.7159183358
32.7159181813
32.7159180267
32.7159178722
32.7159177176
32.7159175631
32.7159174085
32.7159172539
32.7159170992
32.7159169446
32.7159167899
32.7159166352
32.7159164805
32.7159163257
32.715916171
32.7159160162
32.7159158614
32.7159157066
32.7159155517
32.7159153968
32.7159152419
32.715915087
32.7159149321
32.7159147771
32.7159146222
32.7159144672
32.7159143121
32.7159141571
32.715914002
32.7159138469
32.7159136918
32.7159135367
32.7159133815
32.7159132263
32.7159130711
32.7159129159
32.7159127607
32.7159126054
32.7159124501
32.7159122947
32.7159121394
32.715911984
32.7159118286
32.7159116732
32.7159115177
32.7159113622
32.7159112067
32.7159110512
32.7159108957
32.7159107401
32.7159105845
32.7159104288
32.7159102732
32.7159101175
32.7159099618
32.715909806
32.7159096503
32.7159094945
32.7159093387
32.7159091828
32.7159090269
32.715908871
32.7159087151
32.7159085591
32.7159084032
32.7159082471
32.7159080911
32.715907935
32.7159077789
32.7159076228
32.7159074666
32.7159073105
32.7159071542
32.715906998
32.7159068417
32.7159066854
32.7159065291
32.7159063727
32.7159062163
32.7159060599
32.7159059034
32.7159057469
32.7159055904
32.7159054339
32.7159052773
32.7159051207
32.715904964
32.7159048074
32.7159046507
32.7159044939
32.7159043372
32.7159041804
32.7159040235
32.7159038667
32.7159037098
32.7159035528
32.7159033959
32.7159032389
32.7159030818
32.7159029248
32.7159027677
32.7159026105
32.7159024534
32.7159022962
32.715902139
32.7159019817
32.7159018244
