28.2895680353
28.3592386195
28.3577268826
28.3571944982
28.3570173074
28.3567737795
28.3565952544
28.3564245508
28.3562769317
28.3561422999
28.35602095
28.3559100579
28.3558084934
28.3557149085
28.3556283507
28.355547967
28.3554730624
28.3554030395
28.3553373912
28.3552756801
28.3552175281
28.355162606
28.3551106257
28.3550613339
28.3550145069
28.3549699461
28.3549274747
28.3548869344
28.3548481835
28.3548110943
28.3547755516
28.3547414508
28.3547086973
28.3546772047
28.3546468943
28.354617694
28.3545895379
28.3545623652
28.3545361202
28.3545107512
28.3544862108
28.3544624548
28.3544394425
28.3544171358
28.3543954996
28.3543745009
28.3543541091
28.3543342956
28.3543150337
28.3542962981
28.3542780656
28.3542603139
28.3542430223
28.3542261714
28.3542097429
28.3541937192
28.3541780843
28.3541628225
28.3541479194
28.3541333611
28.3541191346
28.3541052274
28.3540916279
28.3540783248
28.3540653077
28.3540525663
28.3540400912
28.3540278732
28.3540159036
28.3540041741
28.3539926768
28.3539814042
28.3539703491
28.3539595045
28.353948864
28.3539384211
28.3539281699
28.3539181045
28.3539082195
28.3538985095
28.3538889695
28.3538795945
28.3538703798
28.353861321
28.3538524137
28.3538436538
28.3538350371
28.35382656
28.3538182186
28.3538100093
28.3538019289
28.3537939738
28.3537861409
28.3537784272
28.3537708296
28.3537633452
28.3537559713
28.3537487053
28.3537415444
28.3537344862
28.3537275282
28.3537206682
28.3537139038
28.3537072329
28.3537006532
28.3536941629
28.3536877598
28.353681442
28.3536752077
28.3536690551
28.3536629823
28.3536569876
28.3536510695
28.3536452263
28.3536394564
28.3536337583
28.3536281306
28.3536225718
28.3536170805
28.3536116553
28.3536062951
28.3536009983
28.3535957639
28.3535905907
28.3535854773
28.3535804228
28.3535754259
28.3535704856
28.3535656008
28.3535607706
28.3535559938
28.3535512696
28.3535465969
28.3535419749
28.3535374026
28.3535328792
28.3535284037
28.3535239754
28.3535195934
28.3535152569
28.3535109652
28.3535067174
28.3535025129
28.3534983509
28.3534942307
28.3534901516
28.3534861129
28.353482114
28.3534781542
28.3534742329
28.3534703494
28.3534665033
28.3534626938
28.3534589204
28.3534551825
28.3534514796
28.3534478111
28.3534441766
28.3534405754
28.3534370071
28.3534334712
28.3534299672
28.3534264946
28.353423053
28.3534196419
28.3534162608
28.3534129093
28.3534095871
28.3534062936
28.3534030284
28.3533997912
28.3533965816
28.3533933991
28.3533902434
28.3533871141
28.3533840109
28.3533809334
28.3533778812
28.353374854
28.3533718514
28.3533688732
28.353365919
28.3533629884
28.3533600812
28.3533571971
28.3533543357
28.3533514967
28.35334868
28.3533458851
28.3533431118
28.3533403598
28.3533376289
28.3533349187
28.3533322291
28.3533295597
28.3533269104
28.3533242808
28.3533216707
28.3533190799
28.3533165081
28.3533139552
28.3533114208
28.3533089048
28.353306407
28.353303927
28.3533014648
28.35329902
28.3532965926
28.3532941822
28.3532917888
28.353289412
28.3532870518
28.3532847078
28.35328238
28.3532800681
28.353277772
28.3532754915
28.3532732264
28.3532709765
28.3532687417
28.3532665218
28.3532643166
28.353262126
28.3532599498
28.3532577879
28.3532556401
28.3532535062
28.3532513861
28.3532492797
28.3532471867
28.3532451072
28.3532430408
28.3532409876
28.3532389473
28.3532369198
28.3532349049
28.3532329027
28.3532309128
28.3532289352
28.3532269698
28.3532250164
28.353223075
28.3532211453
28.3532192273
28.3532173209
28.3532154259
28.3532135423
28.3532116698
28.3532098085
28.3532079582
28.3532061188
28.3532042901
28.3532024721
28.3532006648
28.3531988678
28.3531970813
28.353195305
28.3531935389
28.3531917829
28.3531900369
28.3531883008
28.3531865744
28.3531848578
28.3531831508
28.3531814533
28.3531797652
28.3531780865
28.3531764171
28.3531747568
28.3531731057
28.3531714635
28.3531698303
28.353168206
28.3531665904
28.3531649835
28.3531633852
28.3531617955
28.3531602142
28.3531586414
28.3531570768
28.3531555205
28.3531539723
28.3531524323
28.3531509003
28.3531493762
28.35314786
28.3531463517
28.3531448511
28.3531433582
28.3531418729
28.3531403952
28.353138925
28.3531374622
28.3531360068
28.3531345587
28.3531331179
28.3531316842
28.3531302577
28.3531288382
28.3531274258
28.3531260203
28.3531246217
28.3531232299
28.353121845
28.3531204667
28.3531190952
28.3531177302
28.3531163719
28.35311502
28.3531136747
28.3531123357
28.3531110031
28.3531096768
28.3531083568
28.353107043
28.3531057354
28.3531044338
28.3531031384
28.353101849
28.3531005655
28.353099288
28.3530980164
28.3530967506
28.3530954906
28.3530942364
28.3530929879
28.353091745
28.3530905078
28.3530892761
28.35308805
28.3530868294
28.3530856143
28.3530844045
28.3530832001
28.3530820011
28.3530808074
28.3530796189
28.3530784357
28.3530772576
28.3530760847
28.3530749169
28.3530737541
28.3530725964
28.3530714437
28.353070296
28.3530691532
28.3530680152
28.3530668822
28.3530657539
28.3530646305
28.3530635118
28.3530623978
28.3530612885
28.3530601838
28.3530590838
28.3530579884
28.3530568975
28.3530558112
28.3530547294
28.353053652
28.353052579
28.3530515105
28.3530504463
28.3530493865
28.353048331
28.3530472798
28.3530462329
28.3530451901
28.3530441516
28.3530431173
28.3530420871
28.353041061
28.353040039
28.353039021
28.3530380071
28.3530369972
28.3530359913
28.3530349894
28.3530339913
28.3530329972
28.353032007
28.3530310206
28.3530300381
28.3530290593
28.3530280844
28.3530271132
28.3530261457
28.3530251819
28.3530242218
28.3530232654
28.3530223127
28.3530213635
28.3530204179
28.3530194759
28.3530185375
28.3530176026
28.3530166711
28.3530157432
28.3530148187
28.3530138977
28.3530129801
28.3530120658
28.353011155
28.3530102475
28.3530093433
28.3530084425
28.3530075449
28.3530066507
28.3530057597
28.3530048719
28.3530039873
28.3530031059
28.3530022277
28.3530013527
28.3530004808
28.352999612
28.3529987463
28.3529978837
28.3529970242
28.3529961677
28.3529953143
28.3529944638
28.3529936164
28.3529927719
28.3529919304
28.3529910918
28.3529902562
28.3529894234
28.3529885936
28.3529877666
28.3529869425
28.3529861212
28.3529853027
28.3529844871
28.3529836742
28.3529828642
28.3529820569
28.3529812523
28.3529804505
28.3529796513
28.3529788549
28.3529780612
28.3529772701
28.3529764817
28.3529756959
28.3529749128
28.3529741322
28.3529733543
28.3529725789
28.3529718061
28.3529710359
28.3529702682
28.352969503
28.3529687403
28.3529679801
28.3529672225
28.3529664672
28.3529657145
28.3529649642
28.3529642163
28.3529634708
28.3529627278
28.3529619871
28.3529612488
28.3529605129
28.3529597793
28.3529590481
28.3529583192
28.3529575926
28.3529568683
28.3529561464
28.3529554266
28.3529547092
28.352953994
28.3529532811
28.3529525704
28.3529518619
28.3529511556
28.3529504516
28.3529497497
28.35294905
28.3529483524
28.352947657
28.3529469638
28.3529462727
28.3529455837
28.3529448968
28.352944212
28.3529435293
28.3529428487
28.3529421701
28.3529414936
28.3529408191
28.3529401467
28.3529394763
28.352938808
28.3529381416
28.3529374772
28.3529368148
28.3529361544
28.352935496
28.3529348395
28.3529341849
28.3529335323
28.3529328816
28.3529322329
28.352931586
28.3529309411
28.352930298
28.3529296568
28.3529290175
28.3529283801
28.3529277445
28.3529271107
28.3529264788
28.3529258487
28.3529252205
28.352924594
28.3529239694
28.3529233465
28.3529227254
28.3529221061
28.3529214886
28.3529208728
28.3529202588
28.3529196465
28.3529190359
28.3529184271
28.35291782
28.3529172146
28.3529166109
28.3529160089
28.3529154086
28.3529148099
28.3529142129
28.3529136176
28.352913024
28.352912432
28.3529118416
28.3529112529
28.3529106657
28.3529100803
28.3529094964
28.3529089141
28.3529083334
28.3529077543
28.3529071768
28.3529066008
28.3529060264
28.3529054536
28.3529048823
28.3529043126
28.3529037444
28.3529031778
28.3529026126
28.352902049
28.3529014869
28.3529009263
28.3529003672
28.3528998096
28.3528992534
28.3528986988
28.3528981456
28.3528975939
28.3528970436
28.3528964948
28.3528959474
28.3528954015
28.352894857
28.352894314
28.3528937723
28.3528932321
28.3528926933
28.3528921558
28.3528916198
28.3528910852
28.3528905519
28.3528900201
28.3528894896
28.3528889604
28.3528884326
28.3528879062
28.3528873811
28.3528868574
28.352886335
28.3528858139
28.3528852942
28.3528847758
28.3528842587
28.3528837429
28.3528832284
28.3528827152
28.3528822033
28.3528816927
28.3528811834
28.3528806753
28.3528801685
28.352879663
28.3528791588
28.3528786558
28.352878154
28.3528776535
28.3528771542
28.3528766562
28.3528761594
28.3528756638
28.3528751695
28.3528746763
28.3528741844
28.3528736937
28.3528732042
28.3528727158
28.3528722287
28.3528717427
28.3528712579
28.3528707743
28.3528702919
28.3528698107
28.3528693306
28.3528688516
28.3528683738
28.3528678972
28.3528674217
28.3528669473
28.3528664741
28.352866002
28.352865531
28.3528650612
28.3528645924
28.3528641248
28.3528636583
28.3528631929
28.3528627285
28.3528622653
28.3528618032
28.3528613421
28.3528608822
28.3528604233
28.3528599655
28.3528595087
28.3528590531
28.3528585984
28.3528581449
28.3528576924
28.3528572409
28.3528567905
28.3528563411
28.3528558928
28.3528554455
28.3528549992
28.3528545539
28.3528541097
28.3528536665
28.3528532243
28.3528527831
28.3528523429
28.3528519037
28.3528514655
28.3528510283
28.3528505921
28.3528501569
28.3528497227
28.3528492894
28.3528488571
28.3528484258
28.3528479955
28.3528475661
28.3528471377
28.3528467102
28.3528462837
28.3528458582
28.3528454336
28.3528450099
28.3528445872
28.3528441654
28.3528437445
28.3528433246
28.3528429056
28.3528424875
28.3528420704
28.3528416541
28.3528412388
28.3528408244
28.3528404108
28.3528399982
28.3528395865
28.3528391757
28.3528387658
28.3528383567
28.3528379486
28.3528375413
28.3528371349
28.3528367294
28.3528363248
28.352835921
28.3528355181
28.3528351161
28.3528347149
28.3528343146
28.3528339152
28.3528335166
28.3528331188
28.3528327219
28.3528323258
28.3528319306
28.3528315362
28.3528311426
28.3528307499
28.352830358
28.3528299669
28.3528295767
28.3528291873
28.3528287987
28.3528284109
28.3528280239
28.3528276377
28.3528272523
28.3528268678
28.352826484
28.352826101
28.3528257188
28.3528253374
28.3528249568
28.352824577
28.352824198
28.3528238198
28.3528234423
28.3528230656
28.3528226897
28.3528223145
28.3528219401
28.3528215665
28.3528211937
28.3528208216
28.3528204502
28.3528200796
28.3528197098
28.3528193407
28.3528189724
28.3528186048
28.352818238
28.3528178718
28.3528175065
28.3528171418
28.3528167779
28.3528164148
28.3528160523
28.3528156906
28.3528153296
28.3528149693
28.3528146097
28.3528142509
28.3528138928
28.3528135353
28.3528131786
28.3528128226
28.3528124673
28.3528121127
28.3528117588
28.3528114056
28.3528110531
28.3528107012
28.3528103501
28.3528099997
28.3528096499
28.3528093008
28.3528089524
28.3528086047
28.3528082577
28.3528079113
28.3528075656
28.3528072206
28.3528068762
28.3528065325
28.3528061895
28.3528058472
28.3528055054
28.3528051644
28.352804824
28.3528044843
28.3528041452
28.3528038067
28.3528034689
28.3528031318
28.3528027953
28.3528024594
28.3528021242
28.3528017896
28.3528014556
28.3528011223
28.3528007896
28.3528004576
28.3528001261
28.3527997953
28.3527994651
28.3527991355
28.3527988066
28.3527984783
28.3527981505
28.3527978234
28.3527974969
28.352797171
28.3527968458
28.3527965211
28.352796197
28.3527958736
28.3527955507
28.3527952284
28.3527949067
28.3527945857
28.3527942652
28.3527939453
28.352793626
28.3527933072
28.3527929891
28.3527926716
28.3527923546
28.3527920382
28.3527917224
28.3527914072
28.3527910925
28.3527907784
28.3527904649
28.3527901519
28.3527898396
28.3527895277
28.3527892165
28.3527889058
28.3527885957
28.3527882861
28.3527879771
28.3527876687
28.3527873608
28.3527870534
28.3527867466
28.3527864404
28.3527861347
28.3527858295
28.3527855249
28.3527852209
28.3527849173
28.3527846143
28.3527843119
28.35278401
28.3527837086
28.3527834078
28.3527831075
28.3527828077
28.3527825084
28.3527822097
28.3527819115
28.3527816138
28.3527813167
28.3527810201
28.3527807239
28.3527804284
28.3527801333
28.3527798387
28.3527795447
28.3527792511
28.3527789581
28.3527786656
28.3527783736
28.3527780821
28.3527777911
28.3527775006
28.3527772106
28.3527769211
28.3527766321
28.3527763436
28.3527760556
28.3527757681
28.3527754811
28.3527751945
28.3527749085
28.352774623
28.3527743379
28.3527740533
28.3527737692
28.3527734856
28.3527732025
28.3527729199
28.3527726377
28.352772356
28.3527720748
28.3527717941
28.3527715138
28.352771234
28.3527709547
28.3527706759
28.3527703975
28.3527701196
28.3527698422
28.3527695652
28.3527692887
28.3527690126
28.352768737
28.3527684619
28.3527681872
28.352767913
28.3527676392
28.3527673659
28.3527670931
28.3527668207
28.3527665487
28.3527662772
28.3527660062
28.3527657356
28.3527654654
28.3527651957
28.3527649264
28.3527646576
28.3527643892
28.3527641213
28.3527638537
28.3527635867
28.35276332
28.3527630538
28.3527627881
28.3527625227
28.3527622578
28.3527619933
28.3527617293
28.3527614657
28.3527612025
28.3527609397
28.3527606774
28.3527604155
28.352760154
28.3527598929
28.3527596322
28.352759372
28.3527591122
28.3527588528
28.3527585938
28.3527583352
28.3527580771
28.3527578193
28.352757562
28.3527573051
28.3527570486
28.3527567925
28.3527565368
28.3527562815
28.3527560266
28.3527557721
28.352755518
28.3527552643
28.352755011
28.3527547582
28.3527545057
28.3527542536
28.3527540019
28.3527537506
28.3527534997
28.3527532492
28.3527529991
28.3527527493
28.3527525
28.3527522511
28.3527520025
28.3527517543
28.3527515065
28.3527512591
28.3527510121
28.3527507655
28.3527505192
28.3527502734
28.3527500279
28.3527497828
28.352749538
28.3527492937
28.3527490497
28.3527488061
28.3527485629
28.35274832
28.3527480775
28.3527478354
28.3527475937
28.3527473523
28.3527471113
28.3527468706
28.3527466304
28.3527463905
28.3527461509
28.3527459117
28.3527456729
28.3527454345
28.3527451964
28.3527449587
28.3527447213
28.3527444843
28.3527442476
28.3527440113
28.3527437754
28.3527435398
28.3527433046
28.3527430697
28.3527428352
28.352742601
