21.3921080284
20.9493582991
20.927528051
21.8973503105
21.7573739759
21.7266998143
21.7062904917
21.6889324289
21.6696225596
21.6398324967
21.6078309328
21.6593470646
21.6406071487
21.608612805
21.5963840998
21.5948098207
21.592235578
21.591640633
21.5928533668
21.5951876355
21.5975761579
21.5992213071
21.6002493417
21.6010241203
21.6016752358
21.6022410443
21.6027412547
21.60318641
21.6035829704
21.603935235
21.6042463745
21.6045189457
21.6047551738
21.6049571039
21.6051266824
21.6052657981
21.6053762997
21.6054600021
21.6055186842
21.6055540843
21.6055678932
21.6055617483
21.6055372272
21.6054958429
21.6054390395
21.6053681897
21.605284593
21.6051894745
21.6050839855
21.604969204
21.6048461361
21.6047157184
21.6045788199
21.604436245
21.6042887363
21.6041369779
21.6039815982
21.6038231734
21.6036622309
21.6034992517
21.6033346743
21.6031688974
21.6030022824
21.6028351566
21.6026678158
21.6025005263
21.6023335278
21.602167035
21.6020012401
21.6018363144
21.6016724103
21.6015096628
21.6013481908
21.601188099
21.6010294787
21.6008724094
21.6007169595
21.6005631876
21.6004111435
21.6002608685
21.6001123968
21.599965756
21.5998209676
21.5996780477
21.5995370075
21.5993978541
21.5992605903
21.5991252157
21.5989917266
21.5988601167
21.5987303769
21.5986024961
21.5984764614
21.5983522579
21.5982298694
21.5981092783
21.5979904658
21.5978734122
21.597758097
21.5976444989
21.597532596
21.597422366
21.5973137861
21.5972068332
21.597101484
21.596997715
21.5968955027
21.5967948233
21.5966956533
21.596597969
21.5965017468
21.5964069634
21.5963135955
21.59622162
21.596131014
21.5960417547
21.5959538198
21.595867187
21.5957818345
21.5956977405
21.5956148837
21.5955332431
21.5954527978
21.5953735274
21.5952954117
21.595218431
21.5951425657
21.5950677967
21.594994105
21.5949214721
21.5948498799
21.5947793103
21.5947097458
21.5946411691
21.5945735632
21.5945069116
21.5944411977
21.5943764057
21.5943125198
21.5942495244
21.5941874045
21.5941261452
21.5940657318
21.5940061501
21.5939473861
21.5938894259
21.5938322561
21.5937758635
21.593720235
21.5936653579
21.5936112197
21.5935578082
21.5935051115
21.5934531176
21.5934018151
21.5933511926
21.5933012391
21.5932519437
21.5932032956
21.5931552845
21.5931079001
21.5930611322
21.5930149711
21.592969407
21.5929244305
21.5928800322
21.5928362031
21.5927929341
21.5927502165
21.5927080417
21.5926664012
21.5926252867
21.59258469
21.5925446033
21.5925050187
21.5924659284
21.592427325
21.5923892011
21.5923515493
21.5923143627
21.5922776341
21.5922413568
21.5922055239
21.592170129
21.5921351655
21.592100627
21.5920665073
21.5920328003
21.5919994999
21.5919666002
21.5919340954
21.5919019798
21.5918702478
21.5918388939
21.5918079128
21.591777299
21.5917470474
21.5917171529
21.5916876104
21.591658415
21.5916295618
21.5916010462
21.5915728633
21.5915450086
21.5915174775
21.5914902657
21.5914633688
21.5914367824
21.5914105023
21.5913845244
21.5913588446
21.591333459
21.5913083634
21.5912835542
21.5912590275
21.5912347794
21.5912108064
21.5911871049
21.5911636711
21.5911405018
21.5911175933
21.5910949424
21.5910725457
21.5910503998
21.5910285017
21.591006848
21.5909854358
21.5909642618
21.5909433231
21.5909226168
21.5909021398
21.5908818893
21.5908618625
21.5908420565
21.5908224687
21.5908030963
21.5907839367
21.5907649872
21.5907462453
21.5907277084
21.590709374
21.5906912396
21.590673303
21.5906555615
21.590638013
21.590620655
21.5906034853
21.5905865017
21.5905697019
21.5905530838
21.5905366452
21.590520384
21.5905042981
21.5904883855
21.5904726441
21.590457072
21.5904416672
21.5904264277
21.5904113517
21.5903964372
21.5903816825
21.5903670856
21.5903526449
21.5903383585
21.5903242246
21.5903102416
21.5902964077
21.5902827214
21.5902691808
21.5902557845
21.5902425308
21.590229418
21.5902164448
21.5902036094
21.5901909105
21.5901783465
21.5901659159
21.5901536173
21.5901414492
21.5901294102
21.590117499
21.5901057142
21.5900940543
21.5900825181
21.5900711042
21.5900598114
21.5900486383
21.5900375837
21.5900266463
21.5900158249
21.5900051183
21.5899945252
21.5899840446
21.5899736751
21.5899634156
21.5899532651
21.5899432224
21.5899332863
21.5899234558
21.5899137298
21.5899041071
21.5898945869
21.589885168
21.5898758493
21.58986663
21.5898575089
21.5898484851
21.5898395576
21.5898307254
21.5898219876
21.5898133432
21.5898047914
21.5897963311
21.5897879616
21.5897796818
21.5897714909
21.5897633881
21.5897553724
21.5897474431
21.5897395992
21.58973184
21.5897241646
21.5897165722
21.589709062
21.5897016332
21.589694285
21.5896870167
21.5896798276
21.5896727167
21.5896656834
21.589658727
21.5896518467
21.5896450419
21.5896383117
21.5896316555
21.5896250726
21.5896185624
21.589612124
21.589605757
21.5895994605
21.589593234
21.5895870767
21.5895809881
21.5895749676
21.5895690144
21.589563128
21.5895573078
21.5895515532
21.5895458635
21.5895402382
21.5895346767
21.5895291783
21.5895237427
21.5895183691
21.589513057
21.5895078059
21.5895026152
21.5894974843
21.5894924129
21.5894874002
21.5894824458
21.5894775492
21.5894727099
21.5894679273
21.589463201
21.5894585305
21.5894539152
21.5894493547
21.5894448485
21.5894403962
21.5894359972
21.5894316512
21.5894273575
21.5894231159
21.5894189259
21.5894147869
21.5894106986
21.5894066605
21.5894026722
21.5893987333
21.5893948434
21.5893910019
21.5893872086
21.5893834631
21.5893797648
21.5893761134
21.5893725086
21.5893689498
21.5893654368
21.5893619692
21.5893585465
21.5893551685
21.5893518346
21.5893485447
21.5893452982
21.5893420948
21.5893389342
21.5893358161
21.58933274
21.5893297057
21.5893267127
21.5893237608
21.5893208496
21.5893179788
21.589315148
21.5893123569
21.5893096053
21.5893068927
21.5893042189
21.5893015835
21.5892989863
21.5892964269
21.5892939051
21.5892914205
21.5892889728
21.5892865617
21.589284187
21.5892818483
21.5892795454
21.589277278
21.5892750458
21.5892728485
21.5892706859
21.5892685576
21.5892664635
21.5892644031
21.5892623764
21.5892603829
21.5892584225
21.5892564949
21.5892545998
21.589252737
21.5892509062
21.5892491072
21.5892473398
21.5892456036
21.5892438985
21.5892422242
21.5892405804
21.589238967
21.5892373837
21.5892358303
21.5892343065
21.5892328121
21.5892313469
21.5892299107
21.5892285033
21.5892271244
21.5892257738
21.5892244513
21.5892231567
21.5892218897
21.5892206503
21.5892194381
21.589218253
21.5892170947
21.5892159631
21.5892148579
21.589213779
21.5892127262
21.5892116992
21.5892106979
21.5892097221
21.5892087716
21.5892078462
21.5892069458
21.58920607
21.5892052189
21.5892043921
21.5892035895
21.5892028109
21.5892020562
21.5892013251
21.5892006176
21.5891999334
21.5891992723
21.5891986342
21.5891980189
21.5891974263
21.5891968562
21.5891963084
21.5891957828
21.5891952791
21.5891947974
21.5891943373
21.5891938987
21.5891934815
21.5891930856
21.5891927107
21.5891923568
21.5891920236
21.5891917111
21.589191419
21.5891911472
21.5891908957
21.5891906642
21.5891904526
21.5891902607
21.5891900885
21.5891899358
21.5891898024
21.5891896882
21.5891895931
21.5891895169
21.5891894595
21.5891894209
21.5891894007
21.589189399
21.5891894155
21.5891894502
21.589189503
21.5891895736
21.5891896621
21.5891897681
21.5891898918
21.5891900328
21.5891901911
21.5891903666
21.5891905592
21.5891907687
21.589190995
21.589191238
21.5891914976
21.5891917737
21.5891920661
21.5891923748
21.5891926996
21.5891930405
21.5891933973
21.5891937698
21.5891941581
21.589194562
21.5891949814
21.5891954161
21.5891958662
21.5891963314
21.5891968116
21.5891973069
21.589197817
21.5891983419
21.5891988815
21.5891994356
21.5892000042
21.5892005872
21.5892011844
21.5892017958
21.5892024214
21.5892030609
21.5892037143
21.5892043815
21.5892050624
21.589205757
21.589206465
21.5892071866
21.5892079214
21.5892086696
21.5892094309
21.5892102053
21.5892109927
21.589211793
21.5892126061
21.589213432
21.5892142705
21.5892151216
21.5892159853
21.5892168613
21.5892177496
21.5892186502
21.589219563
21.5892204878
21.5892214247
21.5892223734
21.5892233341
21.5892243065
21.5892252906
21.5892262863
21.5892272935
21.5892283123
21.5892293424
21.5892303838
21.5892314365
21.5892325004
21.5892335753
21.5892346613
21.5892357582
21.5892368661
21.5892379847
21.5892391141
21.5892402541
21.5892414048
21.589242566
21.5892437376
21.5892449197
21.5892461121
21.5892473148
21.5892485276
21.5892497506
21.5892509837
21.5892522268
21.5892534798
21.5892547427
21.5892560154
21.5892572979
21.5892585901
21.5892598918
21.5892612032
21.589262524
21.5892638543
21.589265194
21.589266543
21.5892679013
21.5892692687
21.5892706454
21.5892720311
21.5892734258
21.5892748295
21.5892762421
21.5892776636
21.5892790939
21.5892805329
21.5892819807
21.589283437
21.589284902
21.5892863755
21.5892878574
21.5892893478
21.5892908465
21.5892923536
21.5892938689
21.5892953924
21.5892969241
21.5892984639
21.5893000117
21.5893015676
21.5893031314
21.5893047031
21.5893062827
21.58930787
21.5893094652
21.589311068
21.5893126785
21.5893142966
21.5893159223
21.5893175555
21.5893191962
21.5893208442
21.5893224997
21.5893241625
21.5893258326
21.5893275099
21.5893291944
21.5893308861
21.5893325848
21.5893342907
21.5893360035
21.5893377233
21.5893394501
21.5893411837
21.5893429242
21.5893446714
21.5893464255
21.5893481862
21.5893499537
21.5893517277
21.5893535084
21.5893552956
21.5893570893
21.5893588895
21.5893606961
21.5893625091
21.5893643285
21.5893661541
21.5893679861
21.5893698242
21.5893716686
21.5893735191
21.5893753758
21.5893772385
21.5893791073
21.589380982
21.5893828628
21.5893847494
21.589386642
21.5893885404
21.5893904447
21.5893923547
21.5893942705
21.589396192
21.5893981192
21.589400052
21.5894019905
21.5894039345
21.589405884
21.5894078391
21.5894097996
21.5894117656
21.589413737
21.5894157137
21.5894176958
21.5894196832
21.5894216759
21.5894236738
21.5894256769
21.5894276853
21.5894296987
21.5894317173
21.5894337409
21.5894357696
21.5894378033
21.589439842
21.5894418857
21.5894439343
21.5894459878
21.5894480461
21.5894501093
21.5894521773
21.5894542501
21.5894563276
21.5894584099
21.5894604968
21.5894625884
21.5894646847
21.5894667855
21.5894688909
21.5894710009
21.5894731154
21.5894752343
21.5894773578
21.5894794857
21.589481618
21.5894837546
21.5894858957
21.589488041
21.5894901907
21.5894923446
21.5894945028
21.5894966652
21.5894988318
21.5895010026
21.5895031776
21.5895053566
21.5895075397
21.589509727
21.5895119182
21.5895141135
21.5895163128
21.589518516
21.5895207232
21.5895229343
21.5895251494
21.5895273682
21.589529591
21.5895318175
21.5895340479
21.5895362821
21.58953852
21.5895407616
21.5895430069
21.589545256
21.5895475087
21.589549765
21.5895520249
21.5895542885
21.5895565556
21.5895588263
21.5895611005
21.5895633782
21.5895656594
21.5895679441
21.5895702322
21.5895725237
21.5895748187
21.589577117
21.5895794187
21.5895817237
21.589584032
21.5895863436
21.5895886585
21.5895909767
21.5895932981
21.5895956227
21.5895979505
21.5896002815
21.5896026156
21.5896049529
21.5896072932
21.5896096367
21.5896119833
21.5896143329
21.5896166856
21.5896190413
21.5896213999
21.5896237616
21.5896261262
21.5896284938
21.5896308643
21.5896332377
21.589635614
21.5896379932
21.5896403752
21.5896427601
21.5896451477
21.5896475382
21.5896499315
21.5896523275
21.5896547263
21.5896571278
21.589659532
21.589661939
21.5896643486
21.5896667608
21.5896691757
21.5896715933
21.5896740134
21.5896764362
21.5896788615
21.5896812894
21.5896837198
21.5896861528
21.5896885882
21.5896910262
21.5896934667
21.5896959096
21.589698355
21.5897008028
21.589703253
21.5897057056
21.5897081607
21.589710618
21.5897130778
21.5897155399
21.5897180043
21.5897204711
21.5897229401
21.5897254114
21.589727885
21.5897303608
21.5897328389
21.5897353192
21.5897378017
21.5897402864
21.5897427733
21.5897452624
21.5897477536
21.5897502469
21.5897527424
21.58975524
21.5897577397
21.5897602415
21.5897627453
21.5897652512
21.5897677592
21.5897702691
21.5897727811
21.5897752951
21.5897778111
21.5897803291
21.589782849
21.5897853709
21.5897878947
21.5897904204
21.5897929481
21.5897954776
21.5897980091
21.5898005424
21.5898030776
21.5898056146
21.5898081534
21.5898106941
21.5898132366
21.5898157809
21.589818327
21.5898208749
21.5898234245
21.5898259759
21.5898285291
21.5898310839
21.5898336405
21.5898361988
21.5898387587
21.5898413204
21.5898438837
21.5898464487
21.5898490154
21.5898515836
21.5898541535
21.5898567251
21.5898592982
21.5898618729
21.5898644492
21.5898670271
21.5898696065
21.5898721875
21.58987477
21.589877354
21.5898799396
21.5898825267
21.5898851152
21.5898877053
21.5898902968
21.5898928898
21.5898954842
21.5898980801
21.5899006774
21.5899032762
21.5899058764
21.5899084779
21.5899110809
21.5899136852
21.5899162909
21.589918898
21.5899215065
21.5899241162
21.5899267274
21.5899293398
21.5899319536
21.5899345686
21.589937185
21.5899398026
21.5899424216
21.5899450418
21.5899476632
21.5899502859
21.5899529099
21.5899555351
21.5899581615
21.5899607891
21.5899634179
21.5899660479
21.5899686792
21.5899713115
21.5899739451
21.5899765798
21.5899792157
21.5899818527
21.5899844909
21.5899871301
21.5899897705
21.589992412
21.5899950546
21.5899976983
21.5900003431
21.590002989
21.5900056359
21.5900082839
21.5900109329
21.590013583
21.5900162341
21.5900188862
21.5900215394
21.5900241936
21.5900268487
21.5900295049
21.5900321621
21.5900348202
21.5900374793
21.5900401394
21.5900428004
21.5900454624
21.5900481253
21.5900507891
21.5900534539
21.5900561196
21.5900587862
21.5900614537
21.5900641221
21.5900667914
21.5900694616
21.5900721326
21.5900748045
21.5900774773
21.5900801509
21.5900828254
21.5900855007
21.5900881769
21.5900908538
21.5900935316
21.5900962102
21.5900988896
21.5901015698
21.5901042508
21.5901069326
21.5901096151
21.5901122984
21.5901149825
21.5901176673
21.5901203529
21.5901230392
21.5901257263
21.5901284141
21.5901311026
21.5901337918
21.5901364817
21.5901391724
21.5901418637
21.5901445558
21.5901472485
21.5901499419
21.5901526359
21.5901553307
