30.3268176078
30.2790465319
30.11861713
29.9076494436
29.7456568677
29.6634408854
29.4497174539
29.0799077397
28.8049114244
28.7972692581
28.792401387
28.7866779264
28.7787495419
28.7656745739
28.7433691924
28.7246507765
28.7184822423
28.7164795943
28.7157737096
28.7155159028
28.7154204726
28.7153849683
28.715371732
28.7153667917
28.715364945
28.7153642522
28.71536399
28.7153638885
28.7153638469
28.7153638277
28.7153638168
28.7153638091
28.7153638025
28.7153637964
28.7153637904
28.7153637845
28.7153637786
28.7153637727
28.7153637669
28.7153637611
28.7153637552
28.7153637494
28.7153637436
28.7153637377
28.7153637319
28.7153637261
28.7153637203
28.7153637145
28.7153637088
28.715363703
28.7153636972
28.7153636915
28.7153636857
28.7153636799
28.7153636742
28.7153636685
28.7153636627
28.715363657
28.7153636513
28.7153636456
28.7153636399
28.7153636342
28.7153636285
28.7153636228
28.7153636171
28.7153636114
28.7153636058
28.7153636001
28.7153635944
28.7153635888
28.7153635831
28.7153635775
28.7153635719
28.7153635663
28.7153635606
28.715363555
28.7153635494
28.7153635438
28.7153635382
28.7153635326
28.7153635271
28.7153635215
28.7153635159
28.7153635103
28.7153635048
28.7153634992
28.7153634937
28.7153634882
28.7153634826
28.7153634771
28.7153634716
28.7153634661
28.7153634606
28.7153634551
28.7153634496
28.7153634441
28.7153634386
28.7153634331
28.7153634276
28.7153634222
28.7153634167
28.7153634113
28.7153634058
28.7153634004
28.7153633949
28.7153633895
28.7153633841
28.7153633787
28.7153633732
28.7153633678
28.7153633624
28.715363357
28.7153633516
28.7153633463
28.7153633409
28.7153633355
28.7153633301
28.7153633248
28.7153633194
28.7153633141
28.7153633087
28.7153633034
28.7153632981
28.7153632927
28.7153632874
28.7153632821
28.7153632768
28.7153632715
28.7153632662
28.7153632609
28.7153632556
28.7153632504
28.7153632451
28.7153632398
28.7153632345
28.7153632293
28.715363224
28.7153632188
28.7153632136
28.7153632083
28.7153632031
28.7153631979
28.7153631926
28.7153631874
28.7153631822
28.715363177
28.7153631718
28.7153631666
28.7153631615
28.7153631563
28.7153631511
28.7153631459
28.7153631408
28.7153631356
28.7153631305
28.7153631253
28.7153631202
28.715363115
28.7153631099
28.7153631048
28.7153630997
28.7153630946
28.7153630894
28.7153630843
28.7153630792
28.7153630741
28.7153630691
28.715363064
28.7153630589
28.7153630538
28.7153630488
28.7153630437
28.7153630387
28.7153630336
28.7153630286
28.7153630235
28.7153630185
28.7153630135
28.7153630084
28.7153630034
28.7153629984
28.7153629934
28.7153629884
28.7153629834
28.7153629784
28.7153629734
28.7153629684
28.7153629635
28.7153629585
28.7153629535
28.7153629486
28.7153629436
28.7153629387
28.7153629337
28.7153629288
28.7153629238
28.7153629189
28.715362914
28.7153629091
28.7153629042
28.7153628992
28.7153628943
28.7153628894
28.7153628845
28.7153628797
28.7153628748
28.7153628699
28.715362865
28.7153628602
28.7153628553
28.7153628504
28.7153628456
28.7153628407
28.7153628359
28.715362831
28.7153628262
28.7153628214
28.7153628166
28.7153628117
28.7153628069
28.7153628021
28.7153627973
28.7153627925
28.7153627877
28.7153627829
28.7153627781
28.7153627734
28.7153627686
28.7153627638
28.7153627591
28.7153627543
28.7153627495
28.7153627448
28.71536274
28.7153627353
28.7153627306
28.7153627258
28.7153627211
28.7153627164
28.7153627117
28.715362707
28.7153627022
28.7153626975
28.7153626928
28.7153626882
28.7153626835
28.7153626788
28.7153626741
28.7153626694
28.7153626648
28.7153626601
28.7153626554
28.7153626508
28.7153626461
28.7153626415
28.7153626368
28.7153626322
28.7153626276
28.7153626229
28.7153626183
28.7153626137
28.7153626091
28.7153626045
28.7153625999
28.7153625953
28.7153625907
28.7153625861
28.7153625815
28.7153625769
28.7153625724
28.7153625678
28.7153625632
28.7153625587
28.7153625541
28.7153625495
28.715362545
28.7153625404
28.7153625359
28.7153625314
28.7153625268
28.7153625223
28.7153625178
28.7153625133
28.7153625088
28.7153625043
28.7153624997
28.7153624952
28.7153624908
28.7153624863
28.7153624818
28.7153624773
28.7153624728
28.7153624683
28.7153624639
28.7153624594
28.715362455
28.7153624505
28.715362446
28.7153624416
28.7153624372
28.7153624327
28.7153624283
28.7153624239
28.7153624194
28.715362415
28.7153624106
28.7153624062
28.7153624018
28.7153623974
28.715362393
28.7153623886
28.7153623842
28.7153623798
28.7153623754
28.715362371
28.7153623667
28.7153623623
28.7153623579
28.7153623536
28.7153623492
28.7153623449
28.7153623405
28.7153623362
28.7153623318
28.7153623275
28.7153623232
28.7153623189
28.7153623145
28.7153623102
28.7153623059
28.7153623016
28.7153622973
28.715362293
28.7153622887
28.7153622844
28.7153622801
28.7153622758
28.7153622715
28.7153622673
28.715362263
28.7153622587
28.7153622545
28.7153622502
28.7153622459
28.7153622417
28.7153622374
28.7153622332
28.715362229
28.7153622247
28.7153622205
28.7153622163
28.715362212
28.7153622078
28.7153622036
28.7153621994
28.7153621952
28.715362191
28.7153621868
28.7153621826
28.7153621784
28.7153621742
28.71536217
28.7153621659
28.7153621617
28.7153621575
28.7153621533
28.7153621492
28.715362145
28.7153621409
28.7153621367
28.7153621326
28.7153621284
28.7153621243
28.7153621202
28.715362116
28.7153621119
28.7153621078
28.7153621037
28.7153620995
28.7153620954
28.7153620913
28.7153620872
28.7153620831
28.715362079
28.7153620749
28.7153620708
28.7153620668
28.7153620627
28.7153620586
28.7153620545
28.7153620505
28.7153620464
28.7153620423
28.7153620383
28.7153620342
28.7153620302
28.7153620261
28.7153620221
28.715362018
28.715362014
28.71536201
28.7153620059
28.7153620019
28.7153619979
28.7153619939
28.7153619899
28.7153619859
28.7153619819
28.7153619779
28.7153619739
28.7153619699
28.7153619659
28.7153619619
28.7153619579
28.7153619539
28.71536195
28.715361946
28.715361942
28.7153619381
28.7153619341
28.7153619301
28.7153619262
28.7153619222
28.7153619183
28.7153619143
28.7153619104
28.7153619065
28.7153619025
28.7153618986
28.7153618947
28.7153618908
28.7153618869
28.7153618829
28.715361879
28.7153618751
28.7153618712
28.7153618673
28.7153618634
28.7153618595
28.7153618557
28.7153618518
28.7153618479
28.715361844
28.7153618401
28.7153618363
28.7153618324
28.7153618285
28.7153618247
28.7153618208
28.715361817
28.7153618131
28.7153618093
28.7153618054
28.7153618016
28.7153617978
28.7153617939
28.7153617901
28.7153617863
28.7153617825
28.7153617787
28.7153617748
28.715361771
28.7153617672
28.7153617634
28.7153617596
28.7153617558
28.715361752
28.7153617482
28.7153617445
28.7153617407
28.7153617369
28.7153617331
28.7153617294
28.7153617256
28.7153617218
28.7153617181
28.7153617143
28.7153617105
28.7153617068
28.7153617031
28.7153616993
28.7153616956
28.7153616918
28.7153616881
28.7153616844
28.7153616806
28.7153616769
28.7153616732
28.7153616695
28.7153616658
28.715361662
28.7153616583
28.7153616546
28.7153616509
28.7153616472
28.7153616435
28.7153616399
28.7153616362
28.7153616325
28.7153616288
28.7153616251
28.7153616214
28.7153616178
28.7153616141
28.7153616104
28.7153616068
28.7153616031
28.7153615995
28.7153615958
28.7153615922
28.7153615885
28.7153615849
28.7153615812
28.7153615776
28.715361574
28.7153615704
28.7153615667
28.7153615631
28.7153615595
28.7153615559
28.7153615523
28.7153615486
28.715361545
28.7153615414
28.7153615378
28.7153615342
28.7153615306
28.7153615271
28.7153615235
28.7153615199
28.7153615163
28.7153615127
28.7153615092
28.7153615056
28.715361502
28.7153614985
28.7153614949
28.7153614913
28.7153614878
28.7153614842
28.7153614807
28.7153614771
28.7153614736
28.71536147
28.7153614665
28.715361463
28.7153614594
28.7153614559
28.7153614524
28.7153614489
28.7153614454
28.7153614418
28.7153614383
28.7153614348
28.7153614313
28.7153614278
28.7153614243
28.7153614208
28.7153614173
28.7153614138
28.7153614103
28.7153614069
28.7153614034
28.7153613999
28.7153613964
28.715361393
28.7153613895
28.715361386
28.7153613826
28.7153613791
28.7153613756
28.7153613722
28.7153613687
28.7153613653
28.7153613618
28.7153613584
28.715361355
28.7153613515
28.7153613481
28.7153613447
28.7153613412
28.7153613378
28.7153613344
28.715361331
28.7153613275
28.7153613241
28.7153613207
28.7153613173
28.7153613139
28.7153613105
28.7153613071
28.7153613037
28.7153613003
28.7153612969
28.7153612936
28.7153612902
28.7153612868
28.7153612834
28.71536128
28.7153612767
28.7153612733
28.7153612699
28.7153612666
28.7153612632
28.7153612599
28.7153612565
28.7153612531
28.7153612498
28.7153612465
28.7153612431
28.7153612398
28.7153612364
28.7153612331
28.7153612298
28.7153612264
28.7153612231
28.7153612198
28.7153612165
28.7153612132
28.7153612098
28.7153612065
28.7153612032
28.7153611999
28.7153611966
28.7153611933
28.71536119
28.7153611867
28.7153611834
28.7153611801
28.7153611769
28.7153611736
28.7153611703
28.715361167
28.7153611637
28.7153611605
28.7153611572
28.7153611539
28.7153611507
28.7153611474
28.7153611441
28.7153611409
28.7153611376
28.7153611344
28.7153611311
28.7153611279
28.7153611246
28.7153611214
28.7153611182
28.7153611149
28.7153611117
28.7153611085
28.7153611052
28.715361102
28.7153610988
28.7153610956
28.7153610924
28.7153610892
28.715361086
28.7153610827
28.7153610795
28.7153610763
28.7153610731
28.7153610699
28.7153610667
28.7153610636
28.7153610604
28.7153610572
28.715361054
28.7153610508
28.7153610476
28.7153610445
28.7153610413
28.7153610381
28.715361035
28.7153610318
28.7153610286
28.7153610255
28.7153610223
28.7153610192
28.715361016
28.7153610129
28.7153610097
28.7153610066
28.7153610034
28.7153610003
28.7153609972
28.715360994
28.7153609909
28.7153609878
28.7153609846
28.7153609815
28.7153609784
28.7153609753
28.7153609722
28.7153609691
28.7153609659
28.7153609628
28.7153609597
28.7153609566
28.7153609535
28.7153609504
28.7153609473
28.7153609442
28.7153609412
28.7153609381
28.715360935
28.7153609319
28.7153609288
28.7153609257
28.7153609227
28.7153609196
28.7153609165
28.7153609135
28.7153609104
28.7153609073
28.7153609043
28.7153609012
28.7153608982
28.7153608951
28.7153608921
28.715360889
28.715360886
28.7153608829
28.7153608799
28.7153608769
28.7153608738
28.7153608708
28.7153608678
28.7153608647
28.7153608617
28.7153608587
28.7153608557
28.7153608527
28.7153608496
28.7153608466
28.7153608436
28.7153608406
28.7153608376
28.7153608346
28.7153608316
28.7153608286
28.7153608256
28.7153608226
28.7153608196
28.7153608166
28.7153608137
28.7153608107
28.7153608077
28.7153608047
28.7153608017
28.7153607988
28.7153607958
28.7153607928
28.7153607899
28.7153607869
28.7153607839
28.715360781
28.715360778
28.7153607751
28.7153607721
28.7153607692
28.7153607662
28.7153607633
28.7153607603
28.7153607574
28.7153607544
28.7153607515
28.7153607486
28.7153607457
28.7153607427
28.7153607398
28.7153607369
28.715360734
28.715360731
28.7153607281
28.7153607252
28.7153607223
28.7153607194
28.7153607165
28.7153607136
28.7153607107
28.7153607078
28.7153607049
28.715360702
28.7153606991
28.7153606962
28.7153606933
28.7153606904
28.7153606875
28.7153606846
28.7153606818
28.7153606789
28.715360676
28.7153606731
28.7153606703
28.7153606674
28.7153606645
28.7153606617
28.7153606588
28.7153606559
28.7153606531
28.7153606502
28.7153606474
28.7153606445
28.7153606417
28.7153606388
28.715360636
28.7153606332
28.7153606303
28.7153606275
28.7153606246
28.7153606218
28.715360619
28.7153606162
28.7153606133
28.7153606105
28.7153606077
28.7153606049
28.7153606021
28.7153605992
28.7153605964
28.7153605936
28.7153605908
28.715360588
28.7153605852
28.7153605824
28.7153605796
28.7153605768
28.715360574
28.7153605712
28.7153605684
28.7153605656
28.7153605628
28.7153605601
28.7153605573
28.7153605545
28.7153605517
28.7153605489
28.7153605462
28.7153605434
28.7153605406
28.7153605379
28.7153605351
28.7153605323
28.7153605296
28.7153605268
28.7153605241
28.7153605213
28.7153605186
28.7153605158
28.7153605131
28.7153605103
28.7153605076
28.7153605048
28.7153605021
28.7153604994
28.7153604966
28.7153604939
28.7153604912
28.7153604884
28.7153604857
28.715360483
28.7153604803
28.7153604775
28.7153604748
28.7153604721
28.7153604694
28.7153604667
28.715360464
28.7153604613
28.7153604586
28.7153604559
28.7153604532
28.7153604505
28.7153604478
28.7153604451
28.7153604424
28.7153604397
28.715360437
28.7153604343
28.7153604316
28.7153604289
28.7153604263
28.7153604236
28.7153604209
28.7153604182
28.7153604156
28.7153604129
28.7153604102
28.7153604076
28.7153604049
28.7153604022
28.7153603996
28.7153603969
28.7153603943
28.7153603916
28.715360389
28.7153603863
28.7153603837
28.715360381
28.7153603784
28.7153603757
28.7153603731
28.7153603705
28.7153603678
28.7153603652
28.7153603625
28.7153603599
28.7153603573
28.7153603547
28.715360352
28.7153603494
28.7153603468
28.7153603442
28.7153603416
28.715360339
28.7153603363
28.7153603337
28.7153603311
28.7153603285
28.7153603259
28.7153603233
28.7153603207
28.7153603181
28.7153603155
28.7153603129
28.7153603103
28.7153603077
28.7153603052
28.7153603026
28.7153603
28.7153602974
28.7153602948
28.7153602922
28.7153602897
28.7153602871
28.7153602845
28.7153602819
28.7153602794
28.7153602768
28.7153602742
28.7153602717
28.7153602691
28.7153602666
28.715360264
28.7153602614
28.7153602589
28.7153602563
28.7153602538
28.7153602512
28.7153602487
28.7153602462
28.7153602436
28.7153602411
28.7153602385
28.715360236
28.7153602335
28.7153602309
28.7153602284
28.7153602259
28.7153602233
28.7153602208
28.7153602183
28.7153602158
28.7153602133
28.7153602107
28.7153602082
28.7153602057
28.7153602032
28.7153602007
28.7153601982
28.7153601957
28.7153601932
28.7153601907
28.7153601882
28.7153601857
28.7153601832
28.7153601807
28.7153601782
28.7153601757
28.7153601732
28.7153601707
28.7153601682
28.7153601657
28.7153601633
28.7153601608
28.7153601583
28.7153601558
28.7153601533
28.7153601509
28.7153601484
28.7153601459
28.7153601435
28.715360141
28.7153601385
28.7153601361
28.7153601336
28.7153601311
28.7153601287
28.7153601262
