38.864981369
38.8473069939
38.8264977614
38.805871109
38.783717537
38.7574126243
38.7403241925
38.735950425
38.7341173452
38.7330561088
38.7323438064
38.7318235211
38.731422087
38.7311002298
38.7308347395
38.7306109037
38.7304188846
38.7302518207
38.7301047607
38.7299740294
38.7298568335
38.7297510067
38.7296548399
38.7295669633
38.7294862651
38.7294118319
38.729342905
38.7292788489
38.7292191261
38.7291632788
38.7291109141
38.7290616929
38.7290153206
38.7289715396
38.7289301242
38.728890875
38.7288536155
38.7288181886
38.7287844541
38.7287522863
38.7287215724
38.7286922103
38.7286641079
38.7286371817
38.7286113554
38.7285865599
38.7285627316
38.7285398125
38.7285177493
38.7284964929
38.7284759982
38.7284562234
38.7284371298
38.7284186816
38.7284008458
38.7283835913
38.7283668893
38.7283507132
38.7283350379
38.7283198399
38.7283050974
38.7282907898
38.7282768978
38.7282634035
38.7282502897
38.7282375404
38.7282251405
38.7282130758
38.7282013329
38.7281898989
38.728178762
38.7281679106
38.7281573341
38.7281470221
38.728136965
38.7281271535
38.728117579
38.7281082329
38.7280991074
38.728090195
38.7280814884
38.7280729807
38.7280646654
38.7280565362
38.7280485871
38.7280408124
38.7280332066
38.7280257645
38.728018481
38.7280113514
38.7280043709
38.7279975352
38.7279908401
38.7279842814
38.7279778552
38.7279715578
38.7279653856
38.727959335
38.7279534027
38.7279475855
38.7279418803
38.7279362841
38.727930794
38.7279254071
38.727920121
38.7279149328
38.7279098402
38.7279048407
38.727899932
38.7278951119
38.7278903781
38.7278857286
38.7278811613
38.7278766742
38.7278722655
38.7278679333
38.7278636757
38.7278594912
38.7278553779
38.7278513343
38.7278473588
38.7278434499
38.727839606
38.7278358257
38.7278321077
38.7278284506
38.7278248531
38.7278213138
38.7278178316
38.7278144052
38.7278110334
38.7278077152
38.7278044494
38.7278012349
38.7277980707
38.7277949557
38.7277918891
38.7277888697
38.7277858966
38.727782969
38.727780086
38.7277772466
38.72777445
38.7277716955
38.7277689821
38.7277663091
38.7277636758
38.7277610813
38.7277585251
38.7277560062
38.7277535242
38.7277510782
38.7277486676
38.7277462919
38.7277439502
38.7277416421
38.727739367
38.7277371241
38.7277349131
38.7277327332
38.727730584
38.727728465
38.7277263755
38.7277243152
38.7277222834
38.7277202797
38.7277183037
38.7277163548
38.7277144326
38.7277125367
38.7277106666
38.7277088219
38.7277070021
38.7277052069
38.7277034358
38.7277016885
38.7276999646
38.7276982636
38.7276965853
38.7276949292
38.7276932951
38.7276916825
38.7276900911
38.7276885206
38.7276869706
38.7276854409
38.7276839311
38.7276824408
38.7276809699
38.727679518
38.7276780848
38.7276766701
38.7276752734
38.7276738947
38.7276725335
38.7276711897
38.727669863
38.7276685531
38.7276672597
38.7276659827
38.7276647218
38.7276634767
38.7276622472
38.7276610331
38.7276598342
38.7276586502
38.7276574809
38.7276563262
38.7276551857
38.7276540593
38.7276529469
38.7276518481
38.7276507628
38.7276496909
38.7276486321
38.7276475862
38.727646553
38.7276455325
38.7276445243
38.7276435284
38.7276425445
38.7276415725
38.7276406123
38.7276396636
38.7276387264
38.7276378003
38.7276368854
38.7276359814
38.7276350883
38.7276342058
38.7276333337
38.7276324721
38.7276316207
38.7276307794
38.727629948
38.7276291265
38.7276283146
38.7276275123
38.7276267195
38.7276259359
38.7276251616
38.7276243963
38.72762364
38.7276228925
38.7276221537
38.7276214236
38.7276207019
38.7276199886
38.7276192836
38.7276185868
38.727617898
38.7276172172
38.7276165442
38.727615879
38.7276152214
38.7276145714
38.7276139289
38.7276132937
38.7276126658
38.7276120451
38.7276114315
38.7276108249
38.7276102252
38.7276096324
38.7276090463
38.7276084668
38.7276078939
38.7276073275
38.7276067676
38.7276062139
38.7276056665
38.7276051253
38.7276045902
38.7276040612
38.727603538
38.7276030208
38.7276025094
38.7276020037
38.7276015036
38.7276010092
38.7276005203
38.7276000368
38.7275995588
38.7275990861
38.7275986186
38.7275981564
38.7275976993
38.7275972472
38.7275968002
38.7275963582
38.727595921
38.7275954887
38.7275950611
38.7275946383
38.7275942202
38.7275938066
38.7275933976
38.7275929932
38.7275925931
38.7275921975
38.7275918062
38.7275914192
38.7275910364
38.7275906579
38.7275902835
38.7275899131
38.7275895469
38.7275891846
38.7275888263
38.7275884718
38.7275881213
38.7275877745
38.7275874316
38.7275870923
38.7275867568
38.7275864248
38.7275860965
38.7275857718
38.7275854505
38.7275851328
38.7275848184
38.7275845075
38.7275841999
38.7275838956
38.7275835947
38.7275832969
38.7275830024
38.727582711
38.7275824228
38.7275821376
38.7275818556
38.7275815765
38.7275813005
38.7275810274
38.7275807572
38.7275804899
38.7275802255
38.7275799639
38.7275797051
38.727579449
38.7275791957
38.7275789451
38.7275786971
38.7275784518
38.7275782091
38.727577969
38.7275777314
38.7275774964
38.7275772639
38.7275770338
38.7275768061
38.7275765809
38.727576358
38.7275761376
38.7275759194
38.7275757035
38.72757549
38.7275752786
38.7275750695
38.7275748627
38.727574658
38.7275744554
38.727574255
38.7275740567
38.7275738604
38.7275736663
38.7275734741
38.727573284
38.7275730959
38.7275729098
38.7275727256
38.7275725433
38.7275723629
38.7275721844
38.7275720078
38.7275718331
38.7275716601
38.727571489
38.7275713196
38.727571152
38.7275709862
38.7275708221
38.7275706597
38.727570499
38.7275703399
38.7275701825
38.7275700268
38.7275698726
38.7275697201
38.7275695691
38.7275694197
38.7275692718
38.7275691255
38.7275689807
38.7275688374
38.7275686956
38.7275685552
38.7275684163
38.7275682788
38.7275681427
38.727568008
38.7275678748
38.7275677429
38.7275676123
38.7275674831
38.7275673552
38.7275672286
38.7275671034
38.7275669794
38.7275668567
38.7275667352
38.727566615
38.727566496
38.7275663783
38.7275662617
38.7275661464
38.7275660322
38.7275659192
38.7275658073
38.7275656966
38.727565587
38.7275654785
38.7275653711
38.7275652648
38.7275651596
38.7275650555
38.7275649524
38.7275648504
38.7275647494
38.7275646494
38.7275645505
38.7275644526
38.7275643556
38.7275642596
38.7275641646
38.7275640706
38.7275639775
38.7275638853
38.7275637941
38.7275637038
38.7275636144
38.7275635259
38.7275634383
38.7275633516
38.7275632658
38.7275631808
38.7275630967
38.7275630134
38.727562931
38.7275628493
38.7275627685
38.7275626886
38.7275626094
38.727562531
38.7275624534
38.7275623765
38.7275623005
38.7275622252
38.7275621506
38.7275620768
38.7275620037
38.7275619314
38.7275618598
38.7275617889
38.7275617187
38.7275616492
38.7275615803
38.7275615122
38.7275614447
38.727561378
38.7275613118
38.7275612464
38.7275611815
38.7275611174
38.7275610538
38.7275609909
38.7275609286
38.7275608669
38.7275608059
38.7275607454
38.7275606855
38.7275606262
38.7275605675
38.7275605094
38.7275604519
38.7275603949
38.7275603384
38.7275602826
38.7275602272
38.7275601725
38.7275601182
38.7275600645
38.7275600113
38.7275599586
38.7275599065
38.7275598548
38.7275598037
38.727559753
38.7275597029
38.7275596532
38.727559604
38.7275595553
38.7275595071
38.7275594593
38.727559412
38.7275593652
38.7275593188
38.7275592729
38.7275592274
38.7275591823
38.7275591377
38.7275590935
38.7275590498
38.7275590064
38.7275589635
38.727558921
38.7275588789
38.7275588372
38.7275587959
38.727558755
38.7275587145
38.7275586744
38.7275586346
38.7275585953
38.7275585563
38.7275585177
38.7275584794
38.7275584416
38.727558404
38.7275583669
38.7275583301
38.7275582936
38.7275582575
38.7275582218
38.7275581863
38.7275581512
38.7275581165
38.727558082
38.7275580479
38.7275580142
38.7275579807
38.7275579475
38.7275579147
38.7275578822
38.72755785
38.727557818
38.7275577864
38.7275577551
38.7275577241
38.7275576933
38.7275576629
38.7275576327
38.7275576028
38.7275575732
38.7275575439
38.7275575148
38.7275574861
38.7275574575
38.7275574293
38.7275574013
38.7275573736
38.7275573461
38.7275573189
38.7275572919
38.7275572652
38.7275572387
38.7275572125
38.7275571865
38.7275571607
38.7275571352
38.7275571099
38.7275570849
38.72755706
38.7275570355
38.7275570111
38.7275569869
38.727556963
38.7275569393
38.7275569158
38.7275568925
38.7275568695
38.7275568466
38.727556824
38.7275568015
38.7275567793
38.7275567572
38.7275567354
38.7275567137
38.7275566923
38.727556671
38.72755665
38.7275566291
38.7275566084
38.7275565879
38.7275565676
38.7275565474
38.7275565275
38.7275565077
38.7275564881
38.7275564686
38.7275564494
38.7275564303
38.7275564114
38.7275563926
38.727556374
38.7275563556
38.7275563373
38.7275563192
38.7275563013
38.7275562835
38.7275562659
38.7275562484
38.7275562311
38.7275562139
38.7275561969
38.72755618
38.7275561633
38.7275561467
38.7275561303
38.727556114
38.7275560978
38.7275560818
38.7275560659
38.7275560502
38.7275560346
38.7275560191
38.7275560038
38.7275559886
38.7275559735
38.7275559586
38.7275559438
38.7275559291
38.7275559145
38.7275559001
38.7275558857
38.7275558715
38.7275558575
38.7275558435
38.7275558297
38.7275558159
38.7275558023
38.7275557888
38.7275557754
38.7275557622
38.727555749
38.727555736
38.727555723
38.7275557102
38.7275556975
38.7275556848
38.7275556723
38.7275556599
38.7275556476
38.7275556354
38.7275556233
38.7275556113
38.7275555993
38.7275555875
38.7275555758
38.7275555642
38.7275555527
38.7275555412
38.7275555299
38.7275555186
38.7275555075
38.7275554964
38.7275554854
38.7275554746
38.7275554637
38.727555453
38.7275554424
38.7275554319
38.7275554214
38.727555411
38.7275554007
38.7275553905
38.7275553804
38.7275553703
38.7275553603
38.7275553505
38.7275553406
38.7275553309
38.7275553212
38.7275553116
38.7275553021
38.7275552927
38.7275552833
38.727555274
38.7275552648
38.7275552557
38.7275552466
38.7275552376
38.7275552286
38.7275552197
38.7275552109
38.7275552022
38.7275551935
38.7275551849
38.7275551764
38.7275551679
38.7275551595
38.7275551512
38.7275551429
38.7275551346
38.7275551265
38.7275551184
38.7275551103
38.7275551024
38.7275550944
38.7275550866
38.7275550788
38.727555071
38.7275550633
38.7275550557
38.7275550481
38.7275550406
38.7275550332
38.7275550257
38.7275550184
38.7275550111
38.7275550038
38.7275549966
38.7275549895
38.7275549824
38.7275549753
38.7275549683
38.7275549614
38.7275549545
38.7275549477
38.7275549409
38.7275549341
38.7275549274
38.7275549208
38.7275549141
38.7275549076
38.7275549011
38.7275548946
38.7275548882
38.7275548818
38.7275548755
38.7275548692
38.7275548629
38.7275548567
38.7275548505
38.7275548444
38.7275548383
38.7275548323
38.7275548263
38.7275548203
38.7275548144
38.7275548085
38.7275548027
38.7275547969
38.7275547911
38.7275547854
38.7275547797
38.7275547741
38.7275547685
38.7275547629
38.7275547574
38.7275547519
38.7275547464
38.727554741
38.7275547356
38.7275547302
38.7275547249
38.7275547196
38.7275547144
38.7275547092
38.727554704
38.7275546988
38.7275546937
38.7275546886
38.7275546835
38.7275546785
38.7275546735
38.7275546686
38.7275546636
38.7275546587
38.7275546539
38.727554649
38.7275546442
38.7275546394
38.7275546347
38.72755463
38.7275546253
38.7275546206
38.727554616
38.7275546114
38.7275546068
38.7275546023
38.7275545977
38.7275545932
38.7275545888
38.7275545843
38.7275545799
38.7275545755
38.7275545711
38.7275545668
38.7275545625
38.7275545582
38.7275545539
38.7275545497
38.7275545455
38.7275545413
38.7275545371
38.727554533
38.7275545289
38.7275545248
38.7275545207
38.7275545167
38.7275545126
38.7275545086
38.7275545047
38.7275545007
38.7275544968
38.7275544929
38.727554489
38.7275544851
38.7275544813
38.7275544774
38.7275544736
38.7275544698
38.7275544661
38.7275544623
38.7275544586
38.7275544549
38.7275544512
38.7275544476
38.7275544439
38.7275544403
38.7275544367
38.7275544331
38.7275544295
38.727554426
38.7275544225
38.7275544189
38.7275544154
38.727554412
38.7275544085
38.7275544051
38.7275544017
38.7275543983
38.7275543949
38.7275543915
38.7275543881
38.7275543848
38.7275543815
38.7275543782
38.7275543749
38.7275543716
38.7275543684
38.7275543651
38.7275543619
38.7275543587
38.7275543555
38.7275543524
38.7275543492
38.7275543461
38.7275543429
38.7275543398
38.7275543367
38.7275543337
38.7275543306
38.7275543275
38.7275543245
38.7275543215
38.7275543185
38.7275543155
38.7275543125
38.7275543095
38.7275543066
38.7275543036
38.7275543007
38.7275542978
38.7275542949
38.727554292
38.7275542891
38.7275542863
38.7275542834
38.7275542806
38.7275542778
38.727554275
38.7275542722
38.7275542694
38.7275542666
38.7275542639
38.7275542611
38.7275542584
38.7275542557
38.7275542529
38.7275542502
38.7275542476
38.7275542449
38.7275542422
38.7275542396
38.7275542369
38.7275542343
38.7275542317
38.7275542291
38.7275542265
38.7275542239
38.7275542213
38.7275542188
38.7275542162
38.7275542137
38.7275542111
38.7275542086
38.7275542061
38.7275542036
38.7275542011
38.7275541986
38.7275541961
38.7275541937
38.7275541912
38.7275541888
38.7275541864
38.7275541839
38.7275541815
38.7275541791
38.7275541767
38.7275541744
38.727554172
38.7275541696
38.7275541673
38.7275541649
38.7275541626
38.7275541602
38.7275541579
38.7275541556
38.7275541533
38.727554151
38.7275541487
38.7275541465
38.7275541442
38.7275541419
38.7275541397
38.7275541374
38.7275541352
38.727554133
38.7275541308
38.7275541286
38.7275541264
38.7275541242
38.727554122
38.7275541198
38.7275541176
38.7275541155
38.7275541133
38.7275541112
38.727554109
38.7275541069
38.7275541048
38.7275541027
38.7275541005
38.7275540984
38.7275540963
38.7275540943
38.7275540922
38.7275540901
38.727554088
38.727554086
38.7275540839
38.7275540819
38.7275540799
38.7275540778
38.7275540758
38.7275540738
38.7275540718
38.7275540698
38.7275540678
38.7275540658
38.7275540638
38.7275540618
38.7275540599
38.7275540579
38.7275540559
38.727554054
38.727554052
38.7275540501
38.7275540482
38.7275540462
38.7275540443
38.7275540424
38.7275540405
38.7275540386
38.7275540367
38.7275540348
38.7275540329
38.727554031
38.7275540292
38.7275540273
38.7275540254
38.7275540236
38.7275540217
38.7275540199
38.7275540181
38.7275540162
38.7275540144
38.7275540126
