30.7120250644
30.6523848676
30.6515765534
30.6513864305
30.6512275036
30.6510948024
30.6509816961
30.6508837186
30.6507977357
30.6507214647
30.6506531944
30.6505916111
30.6505356866
30.6504846023
30.6504376974
30.6503944311
30.6503543562
30.6503170994
30.6502823457
30.6502498275
30.6502193159
30.6501906135
30.6501635492
30.6501379737
30.6501137563
30.6500907817
30.6500689481
30.6500481647
30.650028351
30.6500094345
30.6499913504
30.6499740401
30.6499574506
30.6499415341
30.6499262469
30.6499115493
30.649897405
30.6498837808
30.6498706463
30.6498579733
30.6498457361
30.6498339109
30.6498224754
30.6498114095
30.6498006941
30.6497903115
30.6497802455
30.6497704807
30.6497610029
30.6497517987
30.6497428558
30.6497341623
30.6497257073
30.6497174805
30.6497094723
30.6497016735
30.6496940756
30.6496866704
30.6496794503
30.649672408
30.6496655368
30.6496588301
30.6496522818
30.6496458861
30.6496396374
30.6496335306
30.6496275607
30.6496217228
30.6496160126
30.6496104256
30.6496049578
30.6495996053
30.6495943643
30.6495892313
30.6495842029
30.6495792758
30.649574447
30.6495697133
30.649565072
30.6495605203
30.6495560557
30.6495516755
30.6495473773
30.6495431589
30.6495390181
30.6495349526
30.6495309604
30.6495270395
30.649523188
30.6495194041
30.6495156861
30.6495120321
30.6495084406
30.6495049099
30.6495014386
30.6494980252
30.6494946681
30.6494913662
30.649488118
30.6494849222
30.6494817776
30.649478683
30.6494756373
30.6494726392
30.6494696878
30.6494667819
30.6494639206
30.6494611029
30.6494583277
30.6494555941
30.6494529014
30.6494502485
30.6494476346
30.649445059
30.6494425207
30.6494400191
30.6494375533
30.6494351227
30.6494327265
30.649430364
30.6494280346
30.6494257376
30.6494234723
30.6494212382
30.6494190347
30.6494168611
30.6494147168
30.6494126014
30.6494105143
30.6494084549
30.6494064228
30.6494044173
30.6494024382
30.6494004848
30.6493985567
30.6493966534
30.6493947746
30.6493929197
30.6493910884
30.6493892803
30.6493874948
30.6493857318
30.6493839907
30.6493822711
30.6493805728
30.6493788954
30.6493772385
30.6493756018
30.6493739849
30.6493723876
30.6493708094
30.6493692502
30.6493677095
30.6493661872
30.6493646828
30.6493631961
30.6493617269
30.6493602748
30.6493588396
30.6493574211
30.6493560189
30.6493546329
30.6493532627
30.6493519082
30.6493505691
30.6493492451
30.6493479361
30.6493466419
30.6493453621
30.6493440966
30.6493428452
30.6493416077
30.6493403838
30.6493391734
30.6493379763
30.6493367924
30.6493356213
30.6493344629
30.6493333171
30.6493321837
30.6493310625
30.6493299533
30.6493288559
30.6493277703
30.6493266962
30.6493256335
30.649324582
30.6493235416
30.6493225122
30.6493214935
30.6493204854
30.6493194879
30.6493185007
30.6493175237
30.6493165568
30.6493155999
30.6493146527
30.6493137153
30.6493127875
30.6493118691
30.6493109601
30.6493100602
30.6493091695
30.6493082877
30.6493074148
30.6493065506
30.6493056951
30.6493048481
30.6493040096
30.6493031793
30.6493023573
30.6493015435
30.6493007376
30.6492999397
30.6492991495
30.6492983672
30.6492975924
30.6492968252
30.6492960655
30.6492953131
30.6492945681
30.6492938302
30.6492930994
30.6492923756
30.6492916588
30.6492909488
30.6492902457
30.6492895492
30.6492888593
30.649288176
30.6492874992
30.6492868287
30.6492861646
30.6492855067
30.6492848551
30.6492842095
30.6492835699
30.6492829364
30.6492823087
30.6492816869
30.6492810708
30.6492804605
30.6492798558
30.6492792566
30.649278663
30.6492780749
30.6492774922
30.6492769147
30.6492763426
30.6492757757
30.649275214
30.6492746574
30.6492741058
30.6492735592
30.6492730176
30.6492724809
30.649271949
30.6492714219
30.6492708995
30.6492703818
30.6492698688
30.6492693603
30.6492688564
30.649268357
30.649267862
30.6492673714
30.6492668852
30.6492664032
30.6492659256
30.6492654521
30.6492649828
30.6492645177
30.6492640566
30.6492635996
30.6492631466
30.6492626975
30.6492622524
30.6492618111
30.6492613737
30.6492609401
30.6492605102
30.6492600841
30.6492596617
30.6492592429
30.6492588277
30.6492584161
30.6492580081
30.6492576035
30.6492572024
30.6492568048
30.6492564105
30.6492560197
30.6492556321
30.6492552479
30.6492548669
30.6492544892
30.6492541147
30.6492537433
30.6492533751
30.64925301
30.649252648
30.649252289
30.6492519331
30.6492515801
30.6492512301
30.6492508831
30.6492505389
30.6492501976
30.6492498592
30.6492495236
30.6492491908
30.6492488608
30.6492485335
30.6492482089
30.649247887
30.6492475677
30.6492472512
30.6492469372
30.6492466258
30.649246317
30.6492460107
30.6492457069
30.6492454056
30.6492451068
30.6492448105
30.6492445165
30.649244225
30.6492439358
30.649243649
30.6492433645
30.6492430824
30.6492428025
30.6492425249
30.6492422495
30.6492419764
30.6492417055
30.6492414367
30.6492411701
30.6492409057
30.6492406434
30.6492403832
30.6492401251
30.649239869
30.649239615
30.6492393631
30.6492391131
30.6492388652
30.6492386192
30.6492383751
30.649238133
30.6492378929
30.6492376546
30.6492374182
30.6492371837
30.6492369511
30.6492367202
30.6492364912
30.649236264
30.6492360386
30.649235815
30.6492355931
30.6492353729
30.6492351545
30.6492349378
30.6492347228
30.6492345094
30.6492342978
30.6492340877
30.6492338793
30.6492336725
30.6492334674
30.6492332638
30.6492330618
30.6492328613
30.6492326624
30.649232465
30.6492322692
30.6492320748
30.649231882
30.6492316906
30.6492315007
30.6492313123
30.6492311253
30.6492309397
30.6492307556
30.6492305728
30.6492303915
30.6492302115
30.6492300329
30.6492298556
30.6492296797
30.6492295052
30.6492293319
30.64922916
30.6492289893
30.64922882
30.6492286519
30.6492284851
30.6492283195
30.6492281552
30.6492279921
30.6492278302
30.6492276696
30.6492275101
30.6492273519
30.6492271948
30.6492270389
30.6492268841
30.6492267305
30.649226578
30.6492264267
30.6492262765
30.6492261274
30.6492259794
30.6492258325
30.6492256867
30.6492255419
30.6492253982
30.6492252556
30.649225114
30.6492249735
30.6492248339
30.6492246954
30.6492245579
30.6492244215
30.649224286
30.6492241515
30.6492240179
30.6492238854
30.6492237538
30.6492236231
30.6492234934
30.6492233646
30.6492232368
30.6492231099
30.6492229839
30.6492228588
30.6492227346
30.6492226113
30.6492224888
30.6492223673
30.6492222466
30.6492221268
30.6492220078
30.6492218897
30.6492217724
30.6492216559
30.6492215403
30.6492214255
30.6492213115
30.6492211983
30.6492210859
30.6492209743
30.6492208635
30.6492207534
30.6492206442
30.6492205357
30.6492204279
30.6492203209
30.6492202147
30.6492201092
30.6492200044
30.6492199003
30.649219797
30.6492196944
30.6492195925
30.6492194913
30.6492193908
30.649219291
30.6492191919
30.6492190934
30.6492189957
30.6492188986
30.6492188022
30.6492187064
30.6492186113
30.6492185168
30.649218423
30.6492183298
30.6492182372
30.6492181453
30.649218054
30.6492179633
30.6492178732
30.6492177837
30.6492176948
30.6492176066
30.6492175189
30.6492174318
30.6492173452
30.6492172593
30.6492171739
30.6492170891
30.6492170049
30.6492169212
30.6492168381
30.6492167555
30.6492166734
30.649216592
30.649216511
30.6492164306
30.6492163507
30.6492162713
30.6492161924
30.6492161141
30.6492160362
30.6492159589
30.6492158821
30.6492158057
30.6492157299
30.6492156546
30.6492155797
30.6492155053
30.6492154314
30.649215358
30.649215285
30.6492152125
30.6492151405
30.6492150689
30.6492149978
30.6492149271
30.6492148569
30.6492147871
30.6492147178
30.6492146489
30.6492145804
30.6492145124
30.6492144448
30.6492143776
30.6492143108
30.6492142445
30.6492141785
30.649214113
30.6492140479
30.6492139831
30.6492139188
30.6492138549
30.6492137913
30.6492137282
30.6492136654
30.649213603
30.649213541
30.6492134794
30.6492134182
30.6492133573
30.6492132968
30.6492132367
30.6492131769
30.6492131174
30.6492130584
30.6492129997
30.6492129413
30.6492128833
30.6492128256
30.6492127683
30.6492127113
30.6492126547
30.6492125983
30.6492125423
30.6492124867
30.6492124314
30.6492123763
30.6492123217
30.6492122673
30.6492122132
30.6492121595
30.6492121061
30.6492120529
30.6492120001
30.6492119476
30.6492118954
30.6492118435
30.6492117918
30.6492117405
30.6492116895
30.6492116387
30.6492115883
30.6492115381
30.6492114882
30.6492114386
30.6492113892
30.6492113402
30.6492112914
30.6492112428
30.6492111946
30.6492111466
30.6492110989
30.6492110514
30.6492110042
30.6492109573
30.6492109106
30.6492108641
30.649210818
30.649210772
30.6492107263
30.6492106809
30.6492106357
30.6492105907
30.649210546
30.6492105016
30.6492104573
30.6492104133
30.6492103695
30.649210326
30.6492102827
30.6492102396
30.6492101967
30.6492101541
30.6492101116
30.6492100694
30.6492100274
30.6492099857
30.6492099441
30.6492099028
30.6492098616
30.6492098207
30.64920978
30.6492097395
30.6492096992
30.6492096591
30.6492096192
30.6492095795
30.64920954
30.6492095007
30.6492094615
30.6492094226
30.6492093839
30.6492093453
30.649209307
30.6492092688
30.6492092308
30.649209193
30.6492091554
30.649209118
30.6492090807
30.6492090436
30.6492090067
30.64920897
30.6492089335
30.6492088971
30.6492088609
30.6492088248
30.649208789
30.6492087533
30.6492087177
30.6492086823
30.6492086471
30.6492086121
30.6492085772
30.6492085424
30.6492085079
30.6492084734
30.6492084392
30.6492084051
30.6492083711
30.6492083373
30.6492083037
30.6492082701
30.6492082368
30.6492082036
30.6492081705
30.6492081376
30.6492081048
30.6492080722
30.6492080397
30.6492080073
30.6492079751
30.649207943
30.6492079111
30.6492078792
30.6492078476
30.649207816
30.6492077846
30.6492077533
30.6492077222
30.6492076912
30.6492076603
30.6492076295
30.6492075989
30.6492075683
30.649207538
30.6492075077
30.6492074775
30.6492074475
30.6492074176
30.6492073878
30.6492073581
30.6492073286
30.6492072991
30.6492072698
30.6492072406
30.6492072115
30.6492071825
30.6492071537
30.6492071249
30.6492070962
30.6492070677
30.6492070393
30.6492070109
30.6492069827
30.6492069546
30.6492069266
30.6492068987
30.6492068709
30.6492068432
30.6492068156
30.6492067881
30.6492067607
30.6492067333
30.6492067061
30.649206679
30.649206652
30.6492066251
30.6492065983
30.6492065715
30.6492065449
30.6492065184
30.6492064919
30.6492064655
30.6492064393
30.6492064131
30.649206387
30.649206361
30.6492063351
30.6492063092
30.6492062835
30.6492062578
30.6492062322
30.6492062068
30.6492061813
30.649206156
30.6492061308
30.6492061056
30.6492060805
30.6492060555
30.6492060306
30.6492060057
30.649205981
30.6492059563
30.6492059317
30.6492059071
30.6492058827
30.6492058583
30.649205834
30.6492058097
30.6492057855
30.6492057614
30.6492057374
30.6492057135
30.6492056896
30.6492056658
30.649205642
30.6492056184
30.6492055947
30.6492055712
30.6492055477
30.6492055243
30.649205501
30.6492054777
30.6492054545
30.6492054314
30.6492054083
30.6492053853
30.6492053623
30.6492053394
30.6492053166
30.6492052938
30.6492052711
30.6492052485
30.6492052259
30.6492052033
30.6492051809
30.6492051585
30.6492051361
30.6492051138
30.6492050916
30.6492050694
30.6492050473
30.6492050252
30.6492050032
30.6492049812
30.6492049593
30.6492049374
30.6492049156
30.6492048939
30.6492048722
30.6492048506
30.649204829
30.6492048074
30.6492047859
30.6492047645
30.6492047431
30.6492047218
30.6492047005
30.6492046792
30.649204658
30.6492046369
30.6492046158
30.6492045947
30.6492045737
30.6492045528
30.6492045318
30.649204511
30.6492044901
30.6492044694
30.6492044486
30.6492044279
30.6492044073
30.6492043867
30.6492043661
30.6492043456
30.6492043251
30.6492043047
30.6492042843
30.6492042639
30.6492042436
30.6492042234
30.6492042031
30.6492041829
30.6492041628
30.6492041427
30.6492041226
30.6492041025
30.6492040825
30.6492040626
30.6492040427
30.6492040228
30.6492040029
30.6492039831
30.6492039633
30.6492039436
30.6492039239
30.6492039042
30.6492038846
30.649203865
30.6492038454
30.6492038259
30.6492038064
30.6492037869
30.6492037675
30.6492037481
30.6492037287
30.6492037093
30.64920369
30.6492036708
30.6492036515
30.6492036323
30.6492036131
30.649203594
30.6492035749
30.6492035558
30.6492035367
30.6492035177
30.6492034987
30.6492034797
30.6492034608
30.6492034419
30.649203423
30.6492034041
30.6492033853
30.6492033665
30.6492033477
30.649203329
30.6492033102
30.6492032915
30.6492032729
30.6492032542
30.6492032356
30.649203217
30.6492031985
30.6492031799
30.6492031614
30.6492031429
30.6492031245
30.649203106
30.6492030876
30.6492030692
30.6492030508
30.6492030325
30.6492030142
30.6492029959
30.6492029776
30.6492029593
30.6492029411
30.6492029229
30.6492029047
30.6492028865
30.6492028684
30.6492028503
30.6492028322
30.6492028141
30.649202796
30.649202778
30.64920276
30.649202742
30.649202724
30.649202706
30.6492026881
30.6492026702
30.6492026523
30.6492026344
30.6492026165
30.6492025987
30.6492025809
30.649202563
30.6492025453
30.6492025275
30.6492025097
30.649202492
30.6492024743
30.6492024566
30.6492024389
30.6492024212
30.6492024036
30.649202386
30.6492023683
30.6492023507
30.6492023332
30.6492023156
30.6492022981
30.6492022805
30.649202263
30.6492022455
30.649202228
30.6492022105
30.6492021931
30.6492021756
30.6492021582
30.6492021408
30.6492021234
30.649202106
30.6492020887
30.6492020713
30.649202054
30.6492020366
30.6492020193
30.649202002
30.6492019847
30.6492019675
30.6492019502
30.6492019329
30.6492019157
30.6492018985
30.6492018813
30.6492018641
30.6492018469
30.6492018297
30.6492018126
30.6492017954
30.6492017783
30.6492017612
30.6492017441
30.649201727
30.6492017099
30.6492016928
30.6492016757
30.6492016587
30.6492016416
30.6492016246
30.6492016076
30.6492015905
30.6492015735
30.6492015566
30.6492015396
30.6492015226
30.6492015056
30.6492014887
30.6492014717
30.6492014548
30.6492014379
30.649201421
30.6492014041
30.6492013872
30.6492013703
30.6492013534
30.6492013366
30.6492013197
30.6492013028
30.649201286
30.6492012692
30.6492012523
30.6492012355
30.6492012187
30.6492012019
30.6492011851
30.6492011684
30.6492011516
30.6492011348
30.6492011181
30.6492011013
30.6492010846
30.6492010678
30.6492010511
30.6492010344
30.6492010177
30.649201001
30.6492009843
30.6492009676
30.6492009509
30.6492009342
