35.7119678468
35.5017839118
35.4391317849
35.4267105434
35.420037521
35.4153447549
35.4115562925
35.4081306318
35.4045743939
35.4002561359
35.3944698563
35.3875569273
35.3817209704
35.3782487582
35.376515064
35.3756474084
35.3751892692
35.374934611
35.37478635
35.3746958099
35.3746374247
35.3745973529
35.3745679542
35.3745449545
35.3745259365
35.3745095172
35.3744948933
35.3744815883
35.3744693111
35.3744578762
35.3744471597
35.3744370736
35.3744275515
35.3744185409
35.374409998
35.3744018856
35.3743941709
35.3743868244
35.3743798201
35.3743731339
35.3743667442
35.3743606312
35.3743547766
35.3743491637
35.3743437774
35.3743386034
35.3743336287
35.3743288415
35.3743242306
35.3743197857
35.3743154975
35.3743113571
35.3743073565
35.3743034879
35.3742997444
35.3742961195
35.3742926071
35.3742892014
35.3742858971
35.3742826894
35.3742795735
35.3742765451
35.3742736002
35.3742707348
35.3742679455
35.3742652288
35.3742625816
35.3742600009
35.3742574839
35.374255028
35.3742526306
35.3742502893
35.374248002
35.3742457665
35.3742435809
35.3742414432
35.3742393517
35.3742373047
35.3742353005
35.3742333376
35.3742314146
35.37422953
35.3742276827
35.3742258712
35.3742240945
35.3742223513
35.3742206407
35.3742189615
35.3742173128
35.3742156937
35.3742141032
35.3742125405
35.3742110047
35.3742094951
35.374208011
35.3742065515
35.374205116
35.3742037038
35.3742023144
35.374200947
35.3741996011
35.3741982761
35.3741969715
35.3741956868
35.3741944215
35.374193175
35.3741919469
35.3741907368
35.3741895443
35.3741883688
35.3741872101
35.3741860676
35.3741849412
35.3741838303
35.3741827346
35.3741816539
35.3741805877
35.3741795358
35.3741784978
35.3741774735
35.3741764626
35.3741754647
35.3741744797
35.3741735072
35.3741725471
35.374171599
35.3741706628
35.3741697382
35.3741688249
35.3741679228
35.3741670316
35.3741661512
35.3741652814
35.3741644218
35.3741635725
35.3741627331
35.3741619035
35.3741610836
35.3741602731
35.3741594719
35.3741586799
35.3741578968
35.3741571225
35.374156357
35.3741555999
35.3741548513
35.3741541109
35.3741533786
35.3741526543
35.3741519378
35.3741512291
35.374150528
35.3741498344
35.3741491482
35.3741484692
35.3741477974
35.3741471326
35.3741464748
35.3741458238
35.3741451795
35.3741445418
35.3741439107
35.374143286
35.3741426676
35.3741420555
35.3741414495
35.3741408496
35.3741402557
35.3741396677
35.3741390855
35.374138509
35.3741379382
35.3741373729
35.3741368132
35.3741362589
35.3741357099
35.3741351662
35.3741346277
35.3741340943
35.374133566
35.3741330427
35.3741325243
35.3741320108
35.3741315021
35.3741309981
35.3741304988
35.3741300041
35.374129514
35.3741290284
35.3741285472
35.3741280704
35.374127598
35.3741271298
35.3741266658
35.374126206
35.3741257503
35.3741252987
35.3741248511
35.3741244074
35.3741239677
35.3741235318
35.3741230998
35.3741226715
35.374122247
35.3741218261
35.3741214089
35.3741209953
35.3741205852
35.3741201786
35.3741197756
35.3741193759
35.3741189796
35.3741185867
35.3741181971
35.3741178107
35.3741174276
35.3741170476
35.3741166709
35.3741162972
35.3741159267
35.3741155591
35.3741151946
35.3741148331
35.3741144745
35.3741141189
35.3741137661
35.3741134161
35.374113069
35.3741127247
35.3741123831
35.3741120442
35.374111708
35.3741113745
35.3741110436
35.3741107154
35.3741103897
35.3741100665
35.3741097459
35.3741094277
35.3741091121
35.3741087988
35.374108488
35.3741081795
35.3741078735
35.3741075697
35.3741072683
35.3741069691
35.3741066722
35.3741063776
35.3741060851
35.3741057949
35.3741055068
35.3741052208
35.374104937
35.3741046553
35.3741043757
35.3741040981
35.3741038225
35.374103549
35.3741032775
35.3741030079
35.3741027403
35.3741024746
35.3741022108
35.3741019489
35.3741016889
35.3741014308
35.3741011744
35.37410092
35.3741006673
35.3741004163
35.3741001672
35.3740999198
35.3740996741
35.3740994301
35.3740991879
35.3740989473
35.3740987083
35.374098471
35.3740982354
35.3740980013
35.3740977689
35.374097538
35.3740973087
35.374097081
35.3740968548
35.3740966301
35.3740964069
35.3740961852
35.374095965
35.3740957462
35.3740955289
35.374095313
35.3740950986
35.3740948856
35.3740946739
35.3740944637
35.3740942548
35.3740940473
35.3740938411
35.3740936362
35.3740934327
35.3740932304
35.3740930295
35.3740928299
35.3740926315
35.3740924344
35.3740922385
35.3740920438
35.3740918504
35.3740916582
35.3740914672
35.3740912774
35.3740910888
35.3740909014
35.3740907151
35.3740905299
35.3740903459
35.3740901631
35.3740899813
35.3740898007
35.3740896211
35.3740894427
35.3740892653
35.374089089
35.3740889137
35.3740887395
35.3740885664
35.3740883943
35.3740882232
35.3740880531
35.374087884
35.374087716
35.3740875489
35.3740873828
35.3740872177
35.3740870535
35.3740868903
35.374086728
35.3740865667
35.3740864063
35.3740862469
35.3740860883
35.3740859307
35.374085774
35.3740856181
35.3740854632
35.3740853091
35.3740851559
35.3740850035
35.374084852
35.3740847014
35.3740845516
35.3740844026
35.3740842545
35.3740841072
35.3740839607
35.374083815
35.3740836702
35.3740835261
35.3740833828
35.3740832403
35.3740830985
35.3740829576
35.3740828174
35.3740826779
35.3740825392
35.3740824013
35.3740822641
35.3740821276
35.3740819919
35.3740818568
35.3740817225
35.374081589
35.3740814561
35.3740813239
35.3740811924
35.3740810616
35.3740809315
35.374080802
35.3740806733
35.3740805452
35.3740804178
35.374080291
35.3740801649
35.3740800394
35.3740799146
35.3740797904
35.3740796668
35.3740795439
35.3740794216
35.3740792999
35.3740791789
35.3740790584
35.3740789385
35.3740788193
35.3740787006
35.3740785826
35.3740784651
35.3740783482
35.3740782319
35.3740781162
35.374078001
35.3740778864
35.3740777724
35.3740776589
35.3740775459
35.3740774336
35.3740773217
35.3740772105
35.3740770997
35.3740769895
35.3740768798
35.3740767707
35.374076662
35.3740765539
35.3740764463
35.3740763392
35.3740762326
35.3740761266
35.374076021
35.3740759159
35.3740758113
35.3740757072
35.3740756036
35.3740755005
35.3740753979
35.3740752957
35.374075194
35.3740750928
35.3740749921
35.3740748918
35.374074792
35.3740746926
35.3740745937
35.3740744952
35.3740743972
35.3740742996
35.3740742025
35.3740741058
35.3740740096
35.3740739138
35.3740738184
35.3740737234
35.3740736289
35.3740735348
35.3740734411
35.3740733478
35.3740732549
35.3740731625
35.3740730704
35.3740729788
35.3740728876
35.3740727967
35.3740727063
35.3740726163
35.3740725266
35.3740724374
35.3740723485
35.37407226
35.3740721719
35.3740720842
35.3740719968
35.3740719098
35.3740718232
35.374071737
35.3740716511
35.3740715656
35.3740714805
35.3740713957
35.3740713113
35.3740712273
35.3740711436
35.3740710602
35.3740709772
35.3740708945
35.3740708122
35.3740707303
35.3740706486
35.3740705674
35.3740704864
35.3740704058
35.3740703255
35.3740702455
35.3740701659
35.3740700866
35.3740700076
35.374069929
35.3740698507
35.3740697726
35.3740696949
35.3740696176
35.3740695405
35.3740694637
35.3740693873
35.3740693111
35.3740692353
35.3740691598
35.3740690845
35.3740690096
35.374068935
35.3740688606
35.3740687866
35.3740687128
35.3740686394
35.3740685662
35.3740684933
35.3740684207
35.3740683484
35.3740682764
35.3740682046
35.3740681332
35.374068062
35.374067991
35.3740679204
35.37406785
35.3740677799
35.3740677101
35.3740676405
35.3740675712
35.3740675022
35.3740674334
35.3740673649
35.3740672967
35.3740672287
35.374067161
35.3740670935
35.3740670263
35.3740669593
35.3740668926
35.3740668261
35.3740667599
35.374066694
35.3740666282
35.3740665628
35.3740664975
35.3740664326
35.3740663678
35.3740663033
35.374066239
35.374066175
35.3740661112
35.3740660476
35.3740659843
35.3740659212
35.3740658583
35.3740657957
35.3740657333
35.3740656711
35.3740656091
35.3740655474
35.3740654859
35.3740654246
35.3740653635
35.3740653026
35.374065242
35.3740651816
35.3740651214
35.3740650614
35.3740650016
35.3740649421
35.3740648827
35.3740648236
35.3740647646
35.3740647059
35.3740646474
35.3740645891
35.374064531
35.3740644731
35.3740644154
35.3740643579
35.3740643006
35.3740642435
35.3740641865
35.3740641298
35.3740640733
35.374064017
35.3740639609
35.374063905
35.3740638492
35.3740637937
35.3740637383
35.3740636832
35.3740636282
35.3740635734
35.3740635188
35.3740634644
35.3740634101
35.3740633561
35.3740633022
35.3740632485
35.374063195
35.3740631417
35.3740630886
35.3740630356
35.3740629828
35.3740629302
35.3740628777
35.3740628255
35.3740627734
35.3740627215
35.3740626697
35.3740626181
35.3740625667
35.3740625155
35.3740624644
35.3740624135
35.3740623628
35.3740623122
35.3740622618
35.3740622116
35.3740621615
35.3740621116
35.3740620618
35.3740620122
35.3740619628
35.3740619135
35.3740618644
35.3740618155
35.3740617667
35.374061718
35.3740616696
35.3740616212
35.374061573
35.374061525
35.3740614772
35.3740614294
35.3740613819
35.3740613345
35.3740612872
35.3740612401
35.3740611931
35.3740611463
35.3740610996
35.3740610531
35.3740610067
35.3740609605
35.3740609144
35.3740608684
35.3740608226
35.374060777
35.3740607315
35.3740606861
35.3740606408
35.3740605957
35.3740605508
35.374060506
35.3740604613
35.3740604167
35.3740603723
35.374060328
35.3740602839
35.3740602399
35.374060196
35.3740601523
35.3740601087
35.3740600652
35.3740600219
35.3740599787
35.3740599356
35.3740598926
35.3740598498
35.3740598071
35.3740597646
35.3740597221
35.3740596798
35.3740596376
35.3740595956
35.3740595537
35.3740595118
35.3740594702
35.3740594286
35.3740593872
35.3740593459
35.3740593047
35.3740592636
35.3740592226
35.3740591818
35.3740591411
35.3740591005
35.37405906
35.3740590197
35.3740589794
35.3740589393
35.3740588993
35.3740588594
35.3740588197
35.37405878
35.3740587405
35.374058701
35.3740586617
35.3740586225
35.3740585834
35.3740585445
35.3740585056
35.3740584669
35.3740584282
35.3740583897
35.3740583513
35.3740583129
35.3740582747
35.3740582367
35.3740581987
35.3740581608
35.374058123
35.3740580853
35.3740580478
35.3740580103
35.374057973
35.3740579357
35.3740578986
35.3740578616
35.3740578246
35.3740577878
35.3740577511
35.3740577144
35.3740576779
35.3740576415
35.3740576052
35.374057569
35.3740575328
35.3740574968
35.3740574609
35.3740574251
35.3740573893
35.3740573537
35.3740573182
35.3740572828
35.3740572474
35.3740572122
35.374057177
35.374057142
35.374057107
35.3740570722
35.3740570374
35.3740570027
35.3740569682
35.3740569337
35.3740568993
35.374056865
35.3740568308
35.3740567967
35.3740567627
35.3740567287
35.3740566949
35.3740566611
35.3740566275
35.3740565939
35.3740565604
35.374056527
35.3740564937
35.3740564605
35.3740564274
35.3740563944
35.3740563614
35.3740563285
35.3740562958
35.3740562631
35.3740562305
35.3740561979
35.3740561655
35.3740561332
35.3740561009
35.3740560687
35.3740560366
35.3740560046
35.3740559727
35.3740559408
35.374055909
35.3740558774
35.3740558457
35.3740558142
35.3740557828
35.3740557514
35.3740557201
35.3740556889
35.3740556578
35.3740556268
35.3740555958
35.3740555649
35.3740555341
35.3740555034
35.3740554728
35.3740554422
35.3740554117
35.3740553813
35.374055351
35.3740553207
35.3740552905
35.3740552604
35.3740552304
35.3740552004
35.3740551705
35.3740551407
35.374055111
35.3740550813
35.3740550518
35.3740550222
35.3740549928
35.3740549634
35.3740549342
35.3740549049
35.3740548758
35.3740548467
35.3740548177
35.3740547888
35.3740547599
35.3740547311
35.3740547024
35.3740546738
35.3740546452
35.3740546167
35.3740545883
35.3740545599
35.3740545316
35.3740545034
35.3740544752
35.3740544471
35.3740544191
35.3740543912
35.3740543633
35.3740543355
35.3740543077
35.37405428
35.3740542524
35.3740542249
35.3740541974
35.37405417
35.3740541426
35.3740541153
35.3740540881
35.3740540609
35.3740540338
35.3740540068
35.3740539799
35.374053953
35.3740539261
35.3740538994
35.3740538726
35.374053846
35.3740538194
35.3740537929
35.3740537664
35.3740537401
35.3740537137
35.3740536875
35.3740536612
35.3740536351
35.374053609
35.374053583
35.374053557
35.3740535311
35.3740535053
35.3740534795
35.3740534538
35.3740534281
35.3740534025
35.374053377
35.3740533515
35.3740533261
35.3740533007
35.3740532754
35.3740532502
35.374053225
35.3740531998
35.3740531748
35.3740531497
35.3740531248
35.3740530999
35.374053075
35.3740530503
35.3740530255
35.3740530008
35.3740529762
35.3740529517
35.3740529272
35.3740529027
35.3740528783
35.374052854
35.3740528297
35.3740528054
35.3740527813
35.3740527572
35.3740527331
35.3740527091
35.3740526851
35.3740526612
35.3740526374
35.3740526136
35.3740525898
35.3740525661
35.3740525425
35.3740525189
35.3740524954
35.3740524719
35.3740524484
35.3740524251
35.3740524017
35.3740523785
35.3740523552
35.3740523321
35.3740523089
35.3740522859
35.3740522629
35.3740522399
35.374052217
35.3740521941
35.3740521713
35.3740521485
35.3740521258
35.3740521031
35.3740520805
35.3740520579
35.3740520354
35.374052013
35.3740519905
35.3740519682
35.3740519458
35.3740519236
35.3740519013
35.3740518791
35.374051857
35.3740518349
35.3740518129
35.3740517909
35.374051769
35.3740517471
35.3740517252
35.3740517034
35.3740516817
35.3740516599
35.3740516383
35.3740516167
35.3740515951
35.3740515736
35.3740515521
35.3740515307
35.3740515093
35.3740514879
35.3740514666
35.3740514454
35.3740514242
35.374051403
35.3740513819
35.3740513608
35.3740513398
35.3740513188
35.3740512979
35.374051277
35.3740512561
35.3740512353
35.3740512146
35.3740511938
35.3740511731
35.3740511525
35.3740511319
35.3740511114
35.3740510909
35.3740510704
35.37405105
35.3740510296
35.3740510093
35.374050989
35.3740509687
35.3740509485
35.3740509283
35.3740509082
35.3740508881
35.3740508681
35.3740508481
35.3740508281
35.3740508082
35.3740507883
35.3740507684
35.3740507486
35.3740507289
35.3740507092
35.3740506895
35.3740506698
35.3740506502
35.3740506307
35.3740506112
35.3740505917
35.3740505722
35.3740505528
35.3740505335
35.3740505141
35.3740504948
35.3740504756
35.3740504564
35.3740504372
35.3740504181
35.374050399
35.3740503799
35.3740503609
35.3740503419
35.374050323
35.3740503041
35.3740502852
35.3740502664
