39.5392091532
39.4557960445
39.4334731034
39.4217180771
39.4145894909
39.4103760671
39.4080689116
39.4067100663
39.4058174614
39.4051864199
39.4047177655
39.4043560492
39.4040673578
39.403829917
39.4036293686
39.403456074
39.403303461
39.4031669714
39.4030433839
39.4029303722
39.4028262176
39.4027296189
39.4026395671
39.4025552617
39.4024760538
39.4024014074
39.4023308723
39.4022640651
39.4022006551
39.4021403545
39.4020829103
39.4020280992
39.401975722
39.4019256011
39.4018775766
39.4018315044
39.4017872541
39.4017447073
39.4017037563
39.4016643025
39.4016262559
39.4015895339
39.4015540606
39.4015197659
39.4014865854
39.4014544592
39.4014233322
39.401393153
39.4013638738
39.4013354504
39.4013078414
39.4012810081
39.4012549145
39.4012295269
39.4012048135
39.4011807446
39.4011572926
39.401134431
39.4011121352
39.4010903821
39.4010691496
39.401048417
39.4010281649
39.4010083746
39.4009890288
39.4009701107
39.4009516047
39.4009334958
39.4009157698
39.4008984133
39.4008814134
39.4008647579
39.4008484352
39.4008324342
39.4008167444
39.4008013556
39.4007862582
39.400771443
39.4007569012
39.4007426244
39.4007286045
39.4007148339
39.400701305
39.4006880109
39.4006749446
39.4006620998
39.40064947
39.4006370493
39.400624832
39.4006128124
39.4006009851
39.4005893452
39.4005778874
39.4005666072
39.4005554999
39.400544561
39.4005337864
39.4005231718
39.4005127132
39.4005024069
39.4004922492
39.4004822363
39.400472365
39.4004626317
39.4004530334
39.4004435668
39.4004342289
39.4004250168
39.4004159276
39.4004069586
39.4003981072
39.4003893707
39.4003807467
39.4003722326
39.4003638262
39.4003555252
39.4003473274
39.4003392305
39.4003312326
39.4003233315
39.4003155254
39.4003078123
39.4003001903
39.4002926576
39.4002852125
39.4002778533
39.4002705783
39.4002633858
39.4002562744
39.4002492425
39.4002422885
39.400235411
39.4002286087
39.4002218801
39.4002152239
39.4002086387
39.4002021234
39.4001956766
39.4001892972
39.4001829839
39.4001767357
39.4001705513
39.4001644297
39.4001583698
39.4001523706
39.400146431
39.4001405501
39.4001347269
39.4001289603
39.4001232496
39.4001175937
39.4001119919
39.4001064431
39.4001009467
39.4000955016
39.4000901073
39.4000847627
39.4000794673
39.4000742201
39.4000690205
39.4000638678
39.4000587612
39.4000537
39.4000486836
39.4000437112
39.4000387823
39.4000338962
39.4000290523
39.4000242499
39.4000194885
39.4000147674
39.4000100862
39.4000054441
39.4000008408
39.3999962755
39.3999917479
39.3999872573
39.3999828033
39.3999783854
39.399974003
39.3999696557
39.399965343
39.3999610645
39.3999568196
39.399952608
39.3999484292
39.3999442828
39.3999401683
39.3999360854
39.3999320336
39.3999280125
39.3999240217
39.3999200609
39.3999161297
39.3999122277
39.3999083545
39.3999045097
39.3999006931
39.3998969043
39.3998931428
39.3998894085
39.399885701
39.3998820199
39.3998783649
39.3998747357
39.399871132
39.3998675535
39.399864
39.399860471
39.3998569664
39.3998534858
39.3998500289
39.3998465956
39.3998431854
39.3998397983
39.3998364338
39.3998330917
39.3998297718
39.3998264739
39.3998231977
39.3998199429
39.3998167093
39.3998134967
39.3998103048
39.3998071335
39.3998039824
39.3998008515
39.3997977403
39.3997946489
39.3997915769
39.3997885241
39.3997854904
39.3997824754
39.3997794792
39.3997765013
39.3997735417
39.3997706002
39.3997676765
39.3997647705
39.399761882
39.3997590109
39.3997561569
39.3997533199
39.3997504997
39.3997476961
39.399744909
39.3997421382
39.3997393836
39.399736645
39.3997339221
39.399731215
39.3997285234
39.3997258472
39.3997231862
39.3997205403
39.3997179093
39.3997152931
39.3997126916
39.3997101045
39.3997075319
39.3997049735
39.3997024292
39.3996998989
39.3996973824
39.3996948797
39.3996923905
39.3996899148
39.3996874525
39.3996850033
39.3996825673
39.3996801443
39.3996777341
39.3996753367
39.3996729519
39.3996705797
39.3996682198
39.3996658723
39.399663537
39.3996612137
39.3996589024
39.399656603
39.3996543154
39.3996520395
39.3996497751
39.3996475222
39.3996452807
39.3996430504
39.3996408313
39.3996386234
39.3996364264
39.3996342403
39.399632065
39.3996299004
39.3996277465
39.3996256031
39.3996234701
39.3996213475
39.3996192352
39.3996171331
39.3996150411
39.3996129592
39.3996108872
39.399608825
39.3996067727
39.39960473
39.399602697
39.3996006736
39.3995986596
39.399596655
39.3995946598
39.3995926738
39.399590697
39.3995887293
39.3995867707
39.399584821
39.3995828802
39.3995809483
39.3995790251
39.3995771107
39.3995752048
39.3995733075
39.3995714188
39.3995695384
39.3995676664
39.3995658028
39.3995639474
39.3995621001
39.399560261
39.39955843
39.3995566069
39.3995547918
39.3995529846
39.3995511852
39.3995493936
39.3995476097
39.3995458334
39.3995440648
39.3995423037
39.39954055
39.3995388039
39.3995370651
39.3995353336
39.3995336094
39.3995318924
39.3995301827
39.39952848
39.3995267844
39.3995250958
39.3995234142
39.3995217396
39.3995200718
39.3995184108
39.3995167567
39.3995151092
39.3995134685
39.3995118344
39.3995102069
39.3995085859
39.3995069715
39.3995053635
39.3995037619
39.3995021668
39.3995005779
39.3994989953
39.399497419
39.3994958489
39.399494285
39.3994927272
39.3994911754
39.3994896297
39.39948809
39.3994865563
39.3994850285
39.3994835066
39.3994819905
39.3994804803
39.3994789758
39.399477477
39.399475984
39.3994744966
39.3994730148
39.3994715387
39.399470068
39.3994686029
39.3994671433
39.3994656891
39.3994642403
39.3994627969
39.3994613589
39.3994599262
39.3994584987
39.3994570765
39.3994556595
39.3994542477
39.399452841
39.3994514395
39.399450043
39.3994486516
39.3994472652
39.3994458838
39.3994445073
39.3994431358
39.3994417692
39.3994404075
39.3994390506
39.3994376985
39.3994363512
39.3994350086
39.3994336708
39.3994323377
39.3994310092
39.3994296854
39.3994283662
39.3994270516
39.3994257416
39.3994244361
39.3994231351
39.3994218385
39.3994205465
39.3994192588
39.3994179756
39.3994166967
39.3994154222
39.399414152
39.3994128862
39.3994116246
39.3994103672
39.3994091141
39.3994078652
39.3994066204
39.3994053799
39.3994041434
39.3994029111
39.3994016828
39.3994004586
39.3993992385
39.3993980224
39.3993968102
39.3993956021
39.3993943979
39.3993931976
39.3993920012
39.3993908088
39.3993896201
39.3993884354
39.3993872544
39.3993860773
39.3993849039
39.3993837343
39.3993825684
39.3993814063
39.3993802478
39.399379093
39.3993779419
39.3993767945
39.3993756506
39.3993745104
39.3993733737
39.3993722406
39.399371111
39.399369985
39.3993688625
39.3993677434
39.3993666278
39.3993655157
39.399364407
39.3993633018
39.3993621999
39.3993611014
39.3993600062
39.3993589145
39.399357826
39.3993567408
39.399355659
39.3993545804
39.3993535051
39.399352433
39.3993513641
39.3993502985
39.399349236
39.3993481767
39.3993471206
39.3993460676
39.3993450178
39.399343971
39.3993429274
39.3993418869
39.3993408494
39.3993398149
39.3993387835
39.3993377551
39.3993367298
39.3993357074
39.399334688
39.3993336715
39.399332658
39.3993316474
39.3993306398
39.399329635
39.3993286332
39.3993276342
39.3993266381
39.3993256448
39.3993246544
39.3993236667
39.3993226819
39.3993216999
39.3993207206
39.3993197442
39.3993187704
39.3993177994
39.3993168312
39.3993158656
39.3993149028
39.3993139426
39.3993129851
39.3993120303
39.3993110781
39.3993101286
39.3993091817
39.3993082374
39.3993072957
39.3993063565
39.39930542
39.399304486
39.3993035546
39.3993026257
39.3993016994
39.3993007755
39.3992998542
39.3992989354
39.399298019
39.3992971051
39.3992961937
39.3992952847
39.3992943782
39.399293474
39.3992925723
39.399291673
39.3992907761
39.3992898816
39.3992889895
39.3992880997
39.3992872122
39.3992863271
39.3992854444
39.3992845639
39.3992836858
39.3992828099
39.3992819363
39.3992810651
39.3992801961
39.3992793293
39.3992784648
39.3992776025
39.3992767425
39.3992758847
39.399275029
39.3992741756
39.3992733244
39.3992724753
39.3992716285
39.3992707838
39.3992699412
39.3992691008
39.3992682625
39.3992674263
39.3992665923
39.3992657603
39.3992649305
39.3992641027
39.399263277
39.3992624534
39.3992616318
39.3992608123
39.3992599949
39.3992591795
39.3992583661
39.3992575547
39.3992567453
39.3992559379
39.3992551326
39.3992543292
39.3992535277
39.3992527283
39.3992519308
39.3992511353
39.3992503417
39.39924955
39.3992487603
39.3992479725
39.3992471865
39.3992464025
39.3992456204
39.3992448402
39.3992440619
39.3992432854
39.3992425108
39.3992417381
39.3992409672
39.3992401981
39.3992394309
39.3992386655
39.3992379019
39.3992371401
39.3992363802
39.399235622
39.3992348656
39.3992341111
39.3992333582
39.3992326072
39.3992318579
39.3992311104
39.3992303646
39.3992296206
39.3992288783
39.3992281377
39.3992273988
39.3992266617
39.3992259263
39.3992251925
39.3992244605
39.3992237301
39.3992230014
39.3992222744
39.3992215491
39.3992208254
39.3992201034
39.399219383
39.3992186643
39.3992179472
39.3992172317
39.3992165179
39.3992158057
39.399215095
39.399214386
39.3992136786
39.3992129728
39.3992122685
39.3992115659
39.3992108648
39.3992101652
39.3992094673
39.3992087709
39.399208076
39.3992073827
39.3992066909
39.3992060007
39.399205312
39.3992046248
39.3992039391
39.3992032549
39.3992025722
39.3992018911
39.3992012114
39.3992005332
39.3991998565
39.3991991812
39.3991985075
39.3991978352
39.3991971643
39.3991964949
39.399195827
39.3991951605
39.3991944954
39.3991938318
39.3991931696
39.3991925088
39.3991918495
39.3991911915
39.399190535
39.3991898799
39.3991892261
39.3991885738
39.3991879228
39.3991872732
39.399186625
39.3991859782
39.3991853327
39.3991846886
39.3991840459
39.3991834045
39.3991827644
39.3991821257
39.3991814883
39.3991808523
39.3991802176
39.3991795842
39.3991789521
39.3991783214
39.3991776919
39.3991770638
39.399176437
39.3991758114
39.3991751872
39.3991745642
39.3991739425
39.3991733221
39.399172703
39.3991720851
39.3991714685
39.3991708532
39.3991702391
39.3991696262
39.3991690147
39.3991684043
39.3991677952
39.3991671873
39.3991665807
39.3991659753
39.3991653711
39.3991647681
39.3991641663
39.3991635658
39.3991629664
39.3991623683
39.3991617713
39.3991611755
39.3991605809
39.3991599876
39.3991593953
39.3991588043
39.3991582144
39.3991576257
39.3991570382
39.3991564518
39.3991558666
39.3991552826
39.3991546996
39.3991541179
39.3991535373
39.3991529578
39.3991523794
39.3991518022
39.3991512261
39.3991506511
39.3991500772
39.3991495045
39.3991489329
39.3991483623
39.3991477929
39.3991472246
39.3991466574
39.3991460912
39.3991455262
39.3991449622
39.3991443994
39.3991438376
39.3991432768
39.3991427172
39.3991421586
39.3991416011
39.3991410446
39.3991404892
39.3991399349
39.3991393816
39.3991388294
39.3991382782
39.399137728
39.3991371789
39.3991366308
39.3991360837
39.3991355377
39.3991349927
39.3991344487
39.3991339058
39.3991333638
39.3991328229
39.3991322829
39.399131744
39.3991312061
39.3991306692
39.3991301332
39.3991295983
39.3991290644
39.3991285314
39.3991279994
39.3991274684
39.3991269384
39.3991264094
39.3991258813
39.3991253542
39.399124828
39.3991243029
39.3991237786
39.3991232554
39.399122733
39.3991222117
39.3991216913
39.3991211718
39.3991206533
39.3991201357
39.399119619
39.3991191033
39.3991185885
39.3991180746
39.3991175617
39.3991170497
39.3991165385
39.3991160284
39.3991155191
39.3991150107
39.3991145032
39.3991139967
39.399113491
39.3991129863
39.3991124824
39.3991119795
39.3991114774
39.3991109762
39.3991104759
39.3991099765
39.3991094779
39.3991089803
39.3991084835
39.3991079876
39.3991074925
39.3991069984
39.399106505
39.3991060126
39.399105521
39.3991050303
39.3991045404
39.3991040514
39.3991035632
39.3991030758
39.3991025894
39.3991021037
39.3991016189
39.3991011349
39.3991006518
39.3991001695
39.399099688
39.3990992074
39.3990987275
39.3990982485
39.3990977704
39.399097293
39.3990968164
39.3990963407
39.3990958658
39.3990953917
39.3990949183
39.3990944458
39.3990939741
39.3990935032
39.3990930331
39.3990925638
39.3990920953
39.3990916275
39.3990911606
39.3990906944
39.399090229
39.3990897644
39.3990893006
39.3990888376
39.3990883753
39.3990879138
39.399087453
39.3990869931
39.3990865339
39.3990860754
39.3990856178
39.3990851608
39.3990847047
39.3990842493
39.3990837946
39.3990833407
39.3990828876
39.3990824352
39.3990819835
39.3990815326
39.3990810824
39.3990806329
39.3990801842
39.3990797362
39.399079289
39.3990788425
39.3990783967
39.3990779516
39.3990775073
39.3990770637
39.3990766208
39.3990761786
39.3990757371
39.3990752964
39.3990748563
39.399074417
39.3990739784
39.3990735404
39.3990731032
39.3990726667
39.3990722309
39.3990717958
39.3990713614
39.3990709276
39.3990704946
39.3990700623
39.3990696306
39.3990691996
39.3990687694
39.3990683398
39.3990679108
39.3990674826
39.399067055
39.3990666282
39.3990662019
39.3990657764
39.3990653515
39.3990649273
39.3990645038
39.3990640809
39.3990636587
39.3990632372
39.3990628163
39.3990623961
39.3990619765
39.3990615576
39.3990611393
39.3990607217
39.3990603047
39.3990598884
39.3990594727
39.3990590577
39.3990586433
39.3990582296
39.3990578165
39.399057404
39.3990569922
39.399056581
39.3990561704
39.3990557605
39.3990553512
39.3990549425
39.3990545344
39.399054127
39.3990537202
39.399053314
39.3990529084
39.3990525035
39.3990520992
39.3990516954
39.3990512923
39.3990508898
39.3990504879
39.3990500867
39.399049686
39.3990492859
39.3990488865
39.3990484876
39.3990480893
39.3990476917
39.3990472946
39.3990468982
39.3990465023
39.399046107
39.3990457123
39.3990453182
39.3990449247
39.3990445318
39.3990441394
39.3990437477
39.3990433565
39.3990429659
39.3990425759
39.3990421864
39.3990417976
39.3990414093
39.3990410216
39.3990406344
39.3990402479
39.3990398619
39.3990394764
39.3990390916
39.3990387073
39.3990383235
39.3990379403
39.3990375577
39.3990371757
39.3990367942
39.3990364132
39.3990360328
39.399035653
39.3990352737
39.399034895
39.3990345168
39.3990341392
39.3990337621
39.3990333856
39.3990330096
39.3990326341
39.3990322592
39.3990318848
39.399031511
39.3990311377
39.3990307649
39.3990303927
39.399030021
39.3990296499
39.3990292792
