35.2465445196
34.637406468
34.2400554861
33.6891118899
33.441410167
33.3987123506
33.4004414991
33.4758710332
33.4167309476
33.2333171602
33.1870382575
33.1640282513
33.1502142702
33.1404826078
33.1327591048
33.1260644332
33.1198534576
33.1137658918
33.1075171979
33.1008423621
33.0934625896
33.0850673256
33.0753190198
33.0639048526
33.0506723365
33.0358598106
33.0203286065
33.0055663662
32.9931407958
32.9837337149
32.9769537372
32.9720523647
32.9684125072
32.9656219962
32.963418426
32.9616333841
32.9601559256
32.9589107212
32.9578450992
32.9569212259
32.9561112631
32.9553942842
32.9547542567
32.9541786888
32.9536576999
32.9531833694
32.9527492704
32.9523501308
32.9519815831
32.9516399766
32.9513222344
32.9510257438
32.9507482709
32.9504878937
32.9502429482
32.9500119866
32.9497937425
32.9495871027
32.9493910847
32.9492048177
32.9490275268
32.94885852
32.948697177
32.9485429406
32.9483953078
32.9482538242
32.9481180774
32.9479876926
32.9478623283
32.9477416725
32.9476254393
32.9475133667
32.9474052138
32.9473007584
32.9471997959
32.9471021367
32.9470076056
32.9469160399
32.9468272885
32.9467412108
32.9466576759
32.9465765615
32.9464977536
32.9464211453
32.9463466366
32.9462741338
32.9462035488
32.946134799
32.9460678064
32.9460024978
32.945938804
32.94587666
32.945816004
32.9457567779
32.9456989266
32.945642398
32.9455871425
32.9455331133
32.9454802659
32.9454285579
32.9453779493
32.9453284016
32.9452798785
32.9452323454
32.945185769
32.945140118
32.9450953621
32.9450514726
32.945008422
32.944966184
32.9449247336
32.9448840465
32.9448440998
32.9448048713
32.94476634
32.9447284854
32.944691288
32.9446547292
32.9446187909
32.9445834559
32.9445487075
32.9445145298
32.9444809073
32.9444478253
32.9444152695
32.9443832261
32.944351682
32.9443206242
32.9442900406
32.9442599192
32.9442302485
32.9442010175
32.9441722154
32.944143832
32.9441158571
32.9440882813
32.944061095
32.9440342892
32.9440078553
32.9439817847
32.9439560692
32.9439307009
32.943905672
32.9438809751
32.9438566029
32.9438325485
32.943808805
32.9437853658
32.9437622245
32.9437393748
32.9437168108
32.9436945266
32.9436725163
32.9436507746
32.943629296
32.9436080752
32.9435871073
32.9435663872
32.94354591
32.9435256712
32.9435056662
32.9434858905
32.9434663398
32.9434470098
32.9434278965
32.9434089959
32.9433903041
32.9433718173
32.9433535318
32.943335444
32.9433175503
32.9432998474
32.9432823318
32.9432650004
32.9432478499
32.9432308773
32.9432140795
32.9431974534
32.9431809964
32.9431647054
32.9431485778
32.9431326109
32.943116802
32.9431011485
32.943085648
32.943070298
32.943055096
32.9430400397
32.9430251269
32.9430103552
32.9429957225
32.9429812267
32.9429668655
32.942952637
32.9429385391
32.9429245699
32.9429107274
32.9428970097
32.9428834151
32.9428699415
32.9428565874
32.9428433509
32.9428302304
32.9428172241
32.9428043305
32.9427915478
32.9427788747
32.9427663094
32.9427538505
32.9427414965
32.942729246
32.9427170975
32.9427050497
32.9426931011
32.9426812504
32.9426694963
32.9426578375
32.9426462727
32.9426348007
32.9426234202
32.9426121301
32.9426009292
32.9425898162
32.9425787901
32.9425678498
32.9425569941
32.942546222
32.9425355323
32.9425249242
32.9425143965
32.9425039483
32.9424935785
32.9424832862
32.9424730704
32.9424629302
32.9424528647
32.942442873
32.9424329541
32.9424231073
32.9424133316
32.9424036262
32.9423939902
32.9423844229
32.9423749234
32.942365491
32.9423561249
32.9423468243
32.9423375884
32.9423284165
32.9423193079
32.9423102618
32.9423012776
32.9422923545
32.942283492
32.9422746892
32.9422659455
32.9422572603
32.9422486329
32.9422400628
32.9422315492
32.9422230916
32.9422146893
32.9422063418
32.9421980484
32.9421898086
32.9421816219
32.9421734876
32.9421654052
32.9421573742
32.942149394
32.942141464
32.9421335839
32.942125753
32.9421179709
32.942110237
32.9421025508
32.942094912
32.9420873199
32.9420797741
32.9420722742
32.9420648197
32.9420574102
32.9420500451
32.9420427241
32.9420354468
32.9420282126
32.9420210212
32.9420138721
32.942006765
32.9419996995
32.9419926751
32.9419856914
32.9419787481
32.9419718447
32.941964981
32.9419581565
32.9419513708
32.9419446237
32.9419379146
32.9419312433
32.9419246095
32.9419180127
32.9419114527
32.9419049291
32.9418984415
32.9418919897
32.9418855733
32.941879192
32.9418728455
32.9418665334
32.9418602555
32.9418540115
32.941847801
32.9418416238
32.9418354795
32.9418293679
32.9418232888
32.9418172417
32.9418112264
32.9418052427
32.9417992903
32.9417933689
32.9417874782
32.941781618
32.9417757881
32.9417699881
32.9417642178
32.941758477
32.9417527654
32.9417470828
32.9417414289
32.9417358035
32.9417302063
32.9417246372
32.9417190958
32.941713582
32.9417080956
32.9417026362
32.9416972038
32.941691798
32.9416864187
32.9416810657
32.9416757386
32.9416704374
32.9416651618
32.9416599117
32.9416546867
32.9416494868
32.9416443117
32.9416391612
32.9416340351
32.9416289333
32.9416238555
32.9416188016
32.9416137714
32.9416087647
32.9416037813
32.941598821
32.9415938837
32.9415889692
32.9415840773
32.9415792078
32.9415743606
32.9415695356
32.9415647324
32.9415599511
32.9415551913
32.941550453
32.9415457361
32.9415410402
32.9415363653
32.9415317113
32.9415270779
32.9415224651
32.9415178726
32.9415133003
32.9415087482
32.9415042159
32.9414997035
32.9414952107
32.9414907374
32.9414862835
32.9414818488
32.9414774332
32.9414730366
32.9414686588
32.9414642997
32.9414599591
32.941455637
32.9414513332
32.9414470476
32.94144278
32.9414385303
32.9414342984
32.9414300843
32.9414258876
32.9414217084
32.9414175466
32.9414134019
32.9414092743
32.9414051637
32.9414010699
32.9413969929
32.9413929325
32.9413888886
32.9413848611
32.9413808499
32.9413768549
32.941372876
32.941368913
32.9413649659
32.9413610346
32.9413571189
32.9413532188
32.9413493342
32.9413454649
32.9413416108
32.9413377719
32.9413339481
32.9413301393
32.9413263453
32.941322566
32.9413188015
32.9413150515
32.941311316
32.9413075949
32.9413038881
32.9413001956
32.9412965171
32.9412928527
32.9412892023
32.9412855657
32.9412819429
32.9412783337
32.9412747382
32.9412711562
32.9412675877
32.9412640324
32.9412604905
32.9412569618
32.9412534461
32.9412499435
32.9412464538
32.9412429771
32.9412395131
32.9412360618
32.9412326231
32.9412291971
32.9412257835
32.9412223823
32.9412189935
32.9412156169
32.9412122526
32.9412089003
32.9412055601
32.9412022319
32.9411989156
32.9411956111
32.9411923184
32.9411890374
32.941185768
32.9411825102
32.9411792638
32.9411760289
32.9411728054
32.9411695932
32.9411663922
32.9411632024
32.9411600236
32.9411568559
32.9411536992
32.9411505534
32.9411474185
32.9411442944
32.941141181
32.9411380782
32.9411349861
32.9411319045
32.9411288334
32.9411257728
32.9411227225
32.9411196825
32.9411166528
32.9411136333
32.941110624
32.9411076247
32.9411046355
32.9411016562
32.9410986869
32.9410957274
32.9410927778
32.9410898379
32.9410869078
32.9410839873
32.9410810764
32.9410781751
32.9410752832
32.9410724008
32.9410695279
32.9410666642
32.9410638099
32.9410609648
32.9410581289
32.9410553022
32.9410524846
32.941049676
32.9410468765
32.9410440859
32.9410413042
32.9410385314
32.9410357674
32.9410330122
32.9410302657
32.9410275279
32.9410247987
32.9410220782
32.9410193661
32.9410166626
32.9410139676
32.941011281
32.9410086027
32.9410059328
32.9410032712
32.9410006178
32.9409979726
32.9409953356
32.9409927067
32.9409900859
32.9409874731
32.9409848684
32.9409822716
32.9409796827
32.9409771017
32.9409745285
32.9409719632
32.9409694056
32.9409668557
32.9409643135
32.940961779
32.9409592521
32.9409567327
32.9409542209
32.9409517166
32.9409492198
32.9409467303
32.9409442483
32.9409417736
32.9409393063
32.9409368462
32.9409343934
32.9409319478
32.9409295094
32.9409270781
32.9409246539
32.9409222368
32.9409198267
32.9409174237
32.9409150276
32.9409126385
32.9409102563
32.9409078809
32.9409055124
32.9409031507
32.9409007958
32.9408984476
32.9408961062
32.9408937714
32.9408914433
32.9408891218
32.9408868069
32.9408844985
32.9408821967
32.9408799014
32.9408776125
32.9408753301
32.9408730541
32.9408707845
32.9408685212
32.9408662643
32.9408640136
32.9408617692
32.9408595311
32.9408572991
32.9408550734
32.9408528538
32.9408506403
32.9408484329
32.9408462315
32.9408440362
32.940841847
32.9408396637
32.9408374863
32.940835315
32.9408331495
32.9408309899
32.9408288361
32.9408266882
32.940824546
32.9408224097
32.9408202791
32.9408181542
32.9408160351
32.9408139216
32.9408118137
32.9408097115
32.9408076149
32.9408055238
32.9408034384
32.9408013584
32.9407992839
32.940797215
32.9407951515
32.9407930934
32.9407910407
32.9407889934
32.9407869515
32.9407849149
32.9407828837
32.9407808577
32.940778837
32.9407768215
32.9407748113
32.9407728063
32.9407708065
32.9407688118
32.9407668223
32.9407648379
32.9407628586
32.9407608843
32.9407589151
32.940756951
32.9407549918
32.9407530377
32.9407510885
32.9407491443
32.940747205
32.9407452706
32.9407433411
32.9407414165
32.9407394967
32.9407375817
32.9407356715
32.9407337662
32.9407318656
32.9407299697
32.9407280786
32.9407261922
32.9407243105
32.9407224334
32.940720561
32.9407186933
32.9407168301
32.9407149716
32.9407131176
32.9407112682
32.9407094233
32.940707583
32.9407057472
32.9407039158
32.9407020889
32.9407002665
32.9406984485
32.9406966349
32.9406948257
32.9406930209
32.9406912205
32.9406894244
32.9406876326
32.9406858451
32.940684062
32.9406822831
32.9406805085
32.9406787381
32.940676972
32.94067521
32.9406734523
32.9406716987
32.9406699493
32.9406682041
32.940666463
32.940664726
32.940662993
32.9406612642
32.9406595395
32.9406578188
32.9406561021
32.9406543894
32.9406526808
32.9406509761
32.9406492755
32.9406475787
32.940645886
32.9406441971
32.9406425122
32.9406408311
32.940639154
32.9406374807
32.9406358113
32.9406341457
32.940632484
32.940630826
32.9406291719
32.9406275215
32.9406258749
32.9406242321
32.940622593
32.9406209576
32.940619326
32.940617698
32.9406160737
32.9406144531
32.9406128362
32.9406112229
32.9406096133
32.9406080072
32.9406064048
32.940604806
32.9406032107
32.940601619
32.9406000309
32.9405984463
32.9405968652
32.9405952876
32.9405937136
32.940592143
32.9405905759
32.9405890123
32.9405874521
32.9405858954
32.9405843421
32.9405827922
32.9405812457
32.9405797026
32.9405781628
32.9405766265
32.9405750935
32.9405735638
32.9405720375
32.9405705144
32.9405689947
32.9405674783
32.9405659652
32.9405644553
32.9405629487
32.9405614454
32.9405599452
32.9405584483
32.9405569547
32.9405554642
32.9405539769
32.9405524928
32.9405510119
32.9405495341
32.9405480595
32.940546588
32.9405451196
32.9405436543
32.9405421922
32.9405407331
32.9405392772
32.9405378243
32.9405363744
32.9405349276
32.9405334839
32.9405320432
32.9405306055
32.9405291708
32.9405277391
32.9405263104
32.9405248846
32.9405234619
32.9405220421
32.9405206252
32.9405192113
32.9405178003
32.9405163923
32.9405149871
32.9405135849
32.9405121855
32.940510789
32.9405093954
32.9405080046
32.9405066167
32.9405052317
32.9405038494
32.94050247
32.9405010934
32.9404997196
32.9404983486
32.9404969804
32.9404956149
32.9404942523
32.9404928923
32.9404915352
32.9404901807
32.940488829
32.9404874801
32.9404861338
32.9404847902
32.9404834494
32.9404821112
32.9404807757
32.9404794428
32.9404781126
32.9404767851
32.9404754602
32.940474138
32.9404728183
32.9404715013
32.9404701869
32.9404688751
32.9404675659
32.9404662593
32.9404649552
32.9404636537
32.9404623548
32.9404610584
32.9404597646
32.9404584733
32.9404571845
32.9404558982
32.9404546145
32.9404533332
32.9404520545
32.9404507782
32.9404495044
32.9404482331
32.9404469642
32.9404456978
32.9404444339
32.9404431723
32.9404419133
32.9404406566
32.9404394023
32.9404381505
32.9404369011
32.940435654
32.9404344094
32.9404331671
32.9404319272
32.9404306896
32.9404294544
32.9404282216
32.9404269911
32.9404257629
32.9404245371
32.9404233136
32.9404220924
32.9404208735
32.9404196569
32.9404184426
32.9404172306
32.9404160208
32.9404148134
32.9404136082
32.9404124052
32.9404112045
32.940410006
32.9404088098
32.9404076158
32.9404064241
32.9404052345
32.9404040472
32.940402862
32.9404016791
32.9404004984
32.9403993198
32.9403981434
32.9403969692
32.9403957971
32.9403946272
32.9403934595
32.9403922939
32.9403911304
32.940389969
32.9403888098
32.9403876527
32.9403864978
32.9403853449
32.9403841941
32.9403830454
32.9403818988
32.9403807543
32.9403796119
32.9403784715
32.9403773332
32.9403761969
32.9403750627
32.9403739306
32.9403728005
32.9403716724
32.9403705463
32.9403694223
32.9403683003
32.9403671802
32.9403660622
32.9403649462
32.9403638322
32.9403627202
32.9403616101
32.940360502
32.9403593959
32.9403582918
32.9403571896
32.9403560893
32.940354991
32.9403538947
32.9403528003
32.9403517078
32.9403506172
32.9403495286
32.9403484418
32.940347357
32.9403462741
32.9403451931
32.9403441139
32.9403430367
32.9403419613
32.9403408878
32.9403398162
32.9403387464
32.9403376785
32.9403366124
32.9403355482
32.9403344859
32.9403334254
32.9403323667
32.9403313098
32.9403302548
32.9403292016
32.9403281502
32.9403271006
32.9403260528
32.9403250068
32.9403239626
32.9403229201
32.9403218795
32.9403208406
32.9403198036
32.9403187682
32.9403177347
32.9403167029
32.9403156728
32.9403146445
32.940313618
32.9403125932
32.9403115701
32.9403105487
32.9403095291
32.9403085112
32.940307495
32.9403064805
32.9403054677
32.9403044567
32.9403034473
32.9403024396
32.9403014336
32.9403004293
32.9402994266
32.9402984257
32.9402974264
32.9402964287
32.9402954327
32.9402944384
32.9402934458
32.9402924547
32.9402914653
32.9402904776
32.9402894915
32.940288507
32.9402875241
32.9402865429
32.9402855633
32.9402845853
32.9402836089
32.9402826341
32.9402816609
32.9402806893
32.9402797192
32.9402787508
32.9402777839
32.9402768187
32.940275855
32.9402748928
32.9402739323
32.9402729733
32.9402720158
32.9402710599
32.9402701056
32.9402691527
32.9402682015
32.9402672518
32.9402663036
32.9402653569
32.9402644117
32.9402634681
32.940262526
32.9402615854
32.9402606463
32.9402597087
