21.9808027617
21.963837316
22.0115963063
22.0151154876
22.0233038826
22.0247981022
22.0237693792
22.0194335286
22.0109922767
22.0023714419
21.9974266879
21.9943442749
21.991969253
21.9899023838
21.9879418313
21.9859493497
21.9837958645
21.9813209707
21.9782775208
21.9742291304
21.9683914965
21.9597890656
21.9487614385
21.9367413498
21.9196175074
21.8864185238
21.8754610477
21.8712711772
21.8683815549
21.8659636787
21.8638395686
21.8619466334
21.8602514084
21.8587294078
21.8573597518
21.8561237785
21.8550047363
21.853987705
21.8530595119
21.8522086014
21.8514248694
21.8506994836
21.8500247018
21.8493936999
21.8488004104
21.8482393733
21.8477055964
21.847194419
21.8467013746
21.8462220429
21.8457518777
21.8452859932
21.8448188784
21.8443439914
21.8438531502
21.843335571
21.8427762684
21.8421532526
21.8414323205
21.8405567089
21.8394249262
21.8378392356
21.8353779916
21.8311032205
21.8235370255
21.8150787724
21.8120097036
21.8110953763
21.8106168671
21.8102960002
21.8100514341
21.8098505292
21.8096775558
21.8095239464
21.8093846015
21.8092562727
21.8091367759
21.8090245762
21.8089185536
21.808817865
21.8087218579
21.8086300152
21.8085419185
21.808457223
21.8083756397
21.8082969234
21.8082208629
21.8081472746
21.8080759973
21.8080068878
21.8079398186
21.8078746747
21.8078113523
21.8077497568
21.8076898019
21.807631408
21.8075745022
21.8075190167
21.8074648887
21.8074120598
21.8073604754
21.8073100846
21.8072608394
21.807212695
21.807165609
21.8071195418
21.8070744556
21.8070303149
21.8069870861
21.8069447372
21.806903238
21.8068625596
21.8068226749
21.8067835576
21.806745183
21.8067075275
21.8066705685
21.8066342843
21.8065986544
21.8065636591
21.8065292795
21.8064954975
21.8064622957
21.8064296576
21.8063975672
21.8063660092
21.8063349689
21.8063044321
21.8062743853
21.8062448153
21.8062157096
21.806187056
21.8061588429
21.8061310591
21.8061036935
21.8060767359
21.806050176
21.8060240041
21.8059982108
21.8059727871
21.8059477239
21.805923013
21.805898646
21.805874615
21.8058509123
21.8058275305
21.8058044622
21.8057817005
21.8057592387
21.8057370702
21.8057151885
21.8056935876
21.8056722614
21.8056512041
21.8056304101
21.8056098738
21.80558959
21.8055695536
21.8055497593
21.8055302025
21.8055108783
21.8054917822
21.8054729096
21.8054542562
21.8054358178
21.8054175901
21.8053995693
21.8053817513
21.8053641324
21.8053467088
21.805329477
21.8053124333
21.8052955745
21.8052788971
21.8052623978
21.8052460735
21.8052299211
21.8052139376
21.8051981199
21.8051824653
21.8051669709
21.8051516339
21.8051364517
21.8051214217
21.8051065413
21.805091808
21.8050772194
21.8050627731
21.8050484667
21.805034298
21.8050202648
21.8050063649
21.8049925961
21.8049789564
21.8049654438
21.8049520562
21.8049387917
21.8049256485
21.8049126246
21.8048997182
21.8048869276
21.8048742509
21.8048616866
21.8048492328
21.804836888
21.8048246506
21.8048125189
21.8048004915
21.8047885668
21.8047767433
21.8047650197
21.8047533944
21.8047418661
21.8047304334
21.804719095
21.8047078495
21.8046966957
21.8046856323
21.8046746581
21.8046637718
21.8046529722
21.8046422583
21.8046316287
21.8046210825
21.8046106185
21.8046002355
21.8045899327
21.8045797088
21.8045695628
21.8045594939
21.8045495009
21.8045395828
21.8045297388
21.804519968
21.8045102692
21.8045006418
21.8044910847
21.8044815971
21.8044721781
21.8044628269
21.8044535427
21.8044443246
21.8044351718
21.8044260836
21.8044170591
21.8044080976
21.8043991984
21.8043903607
21.8043815838
21.8043728669
21.8043642094
21.8043556106
21.8043470698
21.8043385863
21.8043301594
21.8043217886
21.8043134731
21.8043052124
21.8042970058
21.8042888528
21.8042807526
21.8042727048
21.8042647087
21.8042567638
21.8042488695
21.8042410253
21.8042332306
21.8042254848
21.8042177875
21.8042101381
21.8042025362
21.8041949811
21.8041874724
21.8041800096
21.8041725923
21.8041652199
21.804157892
21.804150608
21.8041433677
21.8041361704
21.8041290158
21.8041219035
21.8041148329
21.8041078037
21.8041008154
21.8040938677
21.8040869601
21.8040800922
21.8040732636
21.804066474
21.8040597229
21.80405301
21.8040463349
21.8040396972
21.8040330965
21.8040265326
21.804020005
21.8040135134
21.8040070575
21.8040006368
21.8039942511
21.8039879001
21.8039815833
21.8039753006
21.8039690515
21.8039628358
21.803956653
21.8039505031
21.8039443855
21.8039383001
21.8039322465
21.8039262245
21.8039202337
21.8039142739
21.8039083447
21.803902446
21.8038965774
21.8038907387
21.8038849296
21.8038791498
21.8038733991
21.8038676772
21.8038619838
21.8038563188
21.8038506818
21.8038450727
21.8038394911
21.8038339369
21.8038284098
21.8038229095
21.8038174359
21.8038119887
21.8038065676
21.8038011725
21.8037958032
21.8037904594
21.8037851409
21.8037798475
21.8037745789
21.8037693351
21.8037641157
21.8037589206
21.8037537496
21.8037486024
21.8037434789
21.8037383789
21.8037333022
21.8037282486
21.8037232179
21.8037182099
21.8037132244
21.8037082614
21.8037033205
21.8036984016
21.8036935046
21.8036886292
21.8036837753
21.8036789427
21.8036741313
21.8036693409
21.8036645713
21.8036598223
21.8036550938
21.8036503857
21.8036456978
21.8036410299
21.8036363819
21.8036317535
21.8036271448
21.8036225555
21.8036179855
21.8036134345
21.8036089026
21.8036043895
21.8035998952
21.8035954193
21.8035909619
21.8035865228
21.8035821019
21.8035776989
21.8035733139
21.8035689466
21.8035645969
21.8035602647
21.8035559499
21.8035516523
21.8035473718
21.8035431083
21.8035388617
21.8035346318
21.8035304186
21.8035262219
21.8035220415
21.8035178775
21.8035137296
21.8035095977
21.8035054818
21.8035013816
21.8034972972
21.8034932284
21.8034891751
21.8034851372
21.8034811145
21.803477107
21.8034731146
21.8034691371
21.8034651745
21.8034612266
21.8034572934
21.8034533748
21.8034494706
21.8034455807
21.8034417052
21.8034378438
21.8034339964
21.803430163
21.8034263436
21.8034225379
21.8034187459
21.8034149675
21.8034112026
21.8034074511
21.803403713
21.8033999882
21.8033962765
21.8033925778
21.8033888922
21.8033852195
21.8033815596
21.8033779124
21.8033742779
21.803370656
21.8033670465
21.8033634495
21.8033598648
21.8033562924
21.8033527321
21.803349184
21.8033456479
21.8033421237
21.8033386114
21.8033351109
21.8033316221
21.803328145
21.8033246794
21.8033212254
21.8033177827
21.8033143515
21.8033109315
21.8033075228
21.8033041252
21.8033007387
21.8032973632
21.8032939987
21.803290645
21.8032873022
21.8032839701
21.8032806487
21.8032773379
21.8032740377
21.803270748
21.8032674687
21.8032641997
21.8032609411
21.8032576927
21.8032544545
21.8032512264
21.8032480084
21.8032448004
21.8032416023
21.8032384141
21.8032352357
21.8032320671
21.8032289082
21.803225759
21.8032226194
21.8032194893
21.8032163687
21.8032132575
21.8032101557
21.8032070632
21.80320398
21.803200906
21.8031978412
21.8031947855
21.8031917388
21.8031887012
21.8031856725
21.8031826527
21.8031796418
21.8031766397
21.8031736463
21.8031706616
21.8031676856
21.8031647182
21.8031617594
21.8031588091
21.8031558672
21.8031529338
21.8031500087
21.803147092
21.8031441835
21.8031412833
21.8031383913
21.8031355074
21.8031326316
21.8031297639
21.8031269041
21.8031240524
21.8031212085
21.8031183726
21.8031155445
21.8031127242
21.8031099116
21.8031071067
21.8031043096
21.80310152
21.8030987381
21.8030959636
21.8030931967
21.8030904373
21.8030876853
21.8030849407
21.8030822034
21.8030794735
21.8030767508
21.8030740353
21.8030713271
21.803068626
21.803065932
21.8030632451
21.8030605653
21.8030578925
21.8030552266
21.8030525677
21.8030499157
21.8030472706
21.8030446322
21.8030420007
21.803039376
21.803036758
21.8030341466
21.803031542
21.8030289439
21.8030263524
21.8030237675
21.8030211892
21.8030186173
21.8030160519
21.8030134929
21.8030109403
21.803008394
21.8030058541
21.8030033205
21.8030007931
21.802998272
21.8029957571
21.8029932484
21.8029907458
21.8029882493
21.8029857589
21.8029832745
21.8029807962
21.8029783239
21.8029758575
21.8029733971
21.8029709426
21.8029684939
21.8029660511
21.8029636141
21.8029611829
21.8029587575
21.8029563378
21.8029539238
21.8029515155
21.8029491129
21.8029467158
21.8029443244
21.8029419385
21.8029395582
21.8029371834
21.8029348141
21.8029324503
21.8029300919
21.8029277389
21.8029253913
21.8029230491
21.8029207122
21.8029183806
21.8029160543
21.8029137333
21.8029114175
21.8029091069
21.8029068015
21.8029045013
21.8029022062
21.8028999163
21.8028976314
21.8028953516
21.8028930769
21.8028908071
21.8028885424
21.8028862826
21.8028840278
21.802881778
21.802879533
21.8028772929
21.8028750577
21.8028728273
21.8028706018
21.802868381
21.802866165
21.8028639538
21.8028617473
21.8028595456
21.8028573485
21.802855156
21.8028529683
21.8028507851
21.8028486066
21.8028464326
21.8028442632
21.8028420984
21.8028399381
21.8028377822
21.8028356309
21.802833484
21.8028313416
21.8028292036
21.80282707
21.8028249408
21.8028228159
21.8028206954
21.8028185793
21.8028164674
21.8028143598
21.8028122565
21.8028101575
21.8028080627
21.8028059721
21.8028038857
21.8028018035
21.8027997254
21.8027976515
21.8027955817
21.802793516
21.8027914544
21.8027893969
21.8027873434
21.802785294
21.8027832486
21.8027812072
21.8027791697
21.8027771363
21.8027751068
21.8027730812
21.8027710596
21.8027690418
21.8027670279
21.8027650179
21.8027630118
21.8027610095
21.802759011
21.8027570163
21.8027550254
21.8027530383
21.8027510549
21.8027490752
21.8027470993
21.8027451271
21.8027431586
21.8027411938
21.8027392326
21.8027372751
21.8027353212
21.8027333709
21.8027314243
21.8027294812
21.8027275417
21.8027256057
21.8027236733
21.8027217444
21.802719819
21.8027178972
21.8027159788
21.8027140639
21.8027121524
21.8027102444
21.8027083398
21.8027064386
21.8027045408
21.8027026465
21.8027007554
21.8026988678
21.8026969835
21.8026951025
21.8026932248
21.8026913505
21.8026894794
21.8026876117
21.8026857471
21.8026838859
21.8026820279
21.8026801731
21.8026783215
21.8026764731
21.8026746279
21.8026727859
21.802670947
21.8026691113
21.8026672788
21.8026654493
21.802663623
21.8026617998
21.8026599796
21.8026581626
21.8026563486
21.8026545376
21.8026527297
21.8026509248
21.802649123
21.8026473241
21.8026455282
21.8026437353
21.8026419454
21.8026401585
21.8026383745
21.8026365934
21.8026348152
21.80263304
21.8026312676
21.8026294982
21.8026277316
21.8026259679
21.8026242071
21.8026224491
21.8026206939
21.8026189415
21.802617192
21.8026154453
21.8026137013
21.8026119602
21.8026102218
21.8026084862
21.8026067533
21.8026050231
21.8026032957
21.802601571
21.802599849
21.8025981297
21.8025964131
21.8025946992
21.8025929879
21.8025912793
21.8025895733
21.80258787
21.8025861693
21.8025844712
21.8025827757
21.8025810828
21.8025793925
21.8025777048
21.8025760197
21.8025743371
21.802572657
21.8025709795
21.8025693045
21.8025676321
21.8025659621
21.8025642947
21.8025626297
21.8025609672
21.8025593072
21.8025576497
21.8025559946
21.802554342
21.8025526918
21.802551044
21.8025493987
21.8025477557
21.8025461152
21.8025444771
21.8025428413
21.8025412079
21.8025395769
21.8025379482
21.8025363219
21.8025346979
21.8025330763
21.802531457
21.80252984
21.8025282253
21.8025266129
21.8025250028
21.802523395
21.8025217894
21.8025201861
21.8025185851
21.8025169863
21.8025153898
21.8025137955
21.8025122034
21.8025106135
21.8025090258
21.8025074404
21.8025058571
21.802504276
21.8025026971
21.8025011204
21.8024995458
21.8024979734
21.8024964031
21.802494835
21.802493269
21.8024917051
21.8024901433
21.8024885837
21.8024870261
21.8024854706
21.8024839173
21.802482366
21.8024808167
21.8024792696
21.8024777245
21.8024761814
21.8024746404
21.8024731014
21.8024715644
21.8024700295
21.8024684966
21.8024669656
21.8024654367
21.8024639098
21.8024623848
21.8024608619
21.8024593409
21.8024578218
21.8024563048
21.8024547896
21.8024532765
21.8024517652
21.8024502559
21.8024487485
21.8024472431
21.8024457395
21.8024442378
21.8024427381
21.8024412402
21.8024397442
21.8024382501
21.8024367579
21.8024352675
21.802433779
21.8024322923
21.8024308075
21.8024293245
21.8024278433
21.802426364
21.8024248865
21.8024234108
21.8024219369
21.8024204648
21.8024189945
21.802417526
21.8024160593
21.8024145944
21.8024131312
21.8024116698
21.8024102101
21.8024087522
21.8024072961
21.8024058417
21.802404389
21.8024029381
21.8024014888
21.8024000413
21.8023985955
21.8023971514
21.802395709
21.8023942683
21.8023928293
21.802391392
21.8023899563
21.8023885223
21.80238709
21.8023856594
21.8023842304
21.802382803
21.8023813773
21.8023799532
21.8023785308
21.8023771099
21.8023756907
21.8023742732
21.8023728572
21.8023714428
21.8023700301
21.8023686189
21.8023672093
21.8023658013
21.8023643949
21.80236299
21.8023615867
21.802360185
21.8023587848
21.8023573862
21.8023559891
21.8023545936
21.8023531996
21.8023518071
21.8023504162
21.8023490268
21.8023476389
21.8023462525
21.8023448676
21.8023434842
21.8023421023
21.8023407219
21.802339343
21.8023379656
21.8023365896
21.8023352151
21.8023338421
21.8023324706
21.8023311005
21.8023297318
21.8023283646
21.8023269989
21.8023256345
21.8023242716
21.8023229102
21.8023215501
21.8023201915
21.8023188343
21.8023174785
21.8023161241
21.8023147711
21.8023134195
21.8023120693
21.8023107205
21.8023093731
21.802308027
21.8023066823
21.802305339
21.8023039971
21.8023026565
21.8023013172
21.8022999793
21.8022986428
21.8022973076
21.8022959737
21.8022946412
21.80229331
21.8022919801
21.8022906515
21.8022893243
21.8022879984
21.8022866737
21.8022853504
21.8022840284
21.8022827077
21.8022813882
21.8022800701
21.8022787532
21.8022774376
21.8022761233
21.8022748102
21.8022734984
21.8022721879
21.8022708786
21.8022695706
21.8022682639
21.8022669583
21.8022656541
21.802264351
21.8022630492
21.8022617486
21.8022604493
21.8022591511
21.8022578542
21.8022565585
21.802255264
21.8022539707
21.8022526786
21.8022513877
21.802250098
21.8022488095
21.8022475222
21.802246236
21.8022449511
21.8022436673
21.8022423847
21.8022411032
21.8022398229
21.8022385438
21.8022372658
21.802235989
21.8022347133
21.8022334388
21.8022321654
