35.104438424
35.1348012773
35.2116800148
35.2679684788
35.278906235
35.2820954506
35.2834309361
35.2840770907
35.2844097794
35.2845862402
35.2846812639
35.2847328435
35.2847609611
35.2847763245
35.2847847296
35.2847893311
35.2847918511
35.2847932316
35.2847939878
35.2847944022
35.2847946292
35.2847947536
35.2847948217
35.2847948591
35.2847948795
35.2847948907
35.2847948969
35.2847949002
35.2847949021
35.2847949031
35.2847949036
35.2847949039
35.2847949041
35.2847949042
35.2847949043
35.2847949043
35.2847949043
35.2847949043
35.2847949043
35.2847949043
35.2847949043
35.2847949043
35.2847949043
35.2847949043
35.2847949043
35.2847949043
35.2847949043
35.2847949043
35.2847949043
35.2847949043
35.2847949043
35.2847949043
35.2847949043
35.2847949043
35.2847949043
35.2847949043
35.2847949043
35.2847949043
35.2847949043
35.2847949043
35.2847949043
35.2847949043
35.2847949043
35.2847949043
35.2847949043
35.2847949043
35.2847949043
35.2847949043
35.2847949043
35.2847949043
35.2847949043
35.2847949043
35.2847949043
35.2847949043
35.2847949043
35.2847949043
35.2847949043
35.2847949043
35.2847949043
35.2847949043
35.2847949043
35.2847949043
35.2847949043
35.2847949043
35.2847949043
35.2847949043
35.2847949043
35.2847949043
35.2847949043
35.2847949043
35.2847949043
35.2847949043
35.2847949043
35.2847949043
35.2847949043
35.2847949043
35.2847949043
35.2847949043
35.2847949043
35.2847949043
35.2847949043
35.2847949043
35.2847949043
35.2847949043
35.2847949043
35.2847949043
35.2847949043
35.2847949043
35.2847949043
35.2847949043
35.2847949043
35.2847949043
35.2847949043
35.2847949043
35.2847949043
35.2847949043
35.2847949043
35.2847949043
35.2847949043
35.2847949043
35.2847949043
35.2847949044
35.2847949044
35.2847949044
35.2847949044
35.2847949044
35.2847949044
35.2847949044
35.2847949044
35.2847949044
35.2847949044
35.2847949044
35.2847949044
35.2847949044
35.2847949044
35.2847949044
35.2847949044
35.2847949044
35.2847949044
35.2847949044
35.2847949044
35.2847949044
35.2847949044
35.2847949044
35.2847949044
35.2847949044
35.2847949044
35.2847949044
35.2847949044
35.2847949044
35.2847949044
35.2847949044
35.2847949044
35.2847949044
35.2847949044
35.2847949044
35.2847949044
35.2847949044
35.2847949044
35.2847949044
35.2847949044
35.2847949044
35.2847949044
35.2847949044
35.2847949044
35.2847949044
35.2847949044
35.2847949044
35.2847949044
35.2847949044
35.2847949044
35.2847949044
35.2847949044
35.2847949044
35.2847949044
35.2847949044
35.2847949044
35.2847949044
35.2847949044
35.2847949044
35.2847949044
35.2847949044
35.2847949044
35.2847949044
35.2847949044
35.2847949044
35.2847949044
35.2847949044
35.2847949044
35.2847949044
35.2847949044
35.2847949044
35.2847949044
35.2847949044
35.2847949044
35.2847949044
35.2847949044
35.2847949044
35.2847949044
35.2847949044
35.2847949044
35.2847949044
35.2847949044
35.2847949044
35.2847949044
35.2847949044
35.2847949044
35.2847949044
35.2847949044
35.2847949044
35.2847949044
35.2847949044
35.2847949044
35.2847949044
35.2847949044
35.2847949044
35.2847949044
35.2847949044
35.2847949044
35.2847949044
35.2847949044
35.2847949044
35.2847949044
35.2847949044
35.2847949044
35.2847949044
35.2847949044
35.2847949044
35.2847949044
35.2847949044
35.2847949044
35.2847949044
35.2847949044
35.2847949044
35.2847949044
35.2847949044
35.2847949044
35.2847949044
35.2847949044
35.2847949044
35.2847949044
35.2847949044
35.2847949044
35.2847949044
35.2847949044
35.2847949044
35.2847949044
35.2847949044
35.2847949044
35.2847949044
35.2847949044
35.2847949044
35.2847949044
35.2847949044
35.2847949044
35.2847949044
35.2847949044
35.2847949044
35.2847949044
35.2847949044
35.2847949044
35.2847949044
35.2847949044
35.2847949044
35.2847949044
35.2847949044
35.2847949044
35.2847949044
35.2847949044
35.2847949044
35.2847949044
35.2847949044
35.2847949044
35.2847949044
35.2847949044
35.2847949044
35.2847949044
35.2847949044
35.2847949044
35.2847949044
35.2847949044
35.2847949044
35.2847949044
35.2847949044
35.2847949044
35.2847949044
35.2847949044
35.2847949044
35.2847949044
35.2847949044
35.2847949044
35.2847949044
35.2847949044
35.2847949044
35.2847949044
35.2847949044
35.2847949044
35.2847949044
35.2847949044
35.2847949044
35.2847949044
35.2847949044
35.2847949044
35.2847949044
35.2847949044
35.2847949044
35.2847949044
35.2847949044
35.2847949044
35.2847949044
35.2847949044
35.2847949044
35.2847949044
35.2847949044
35.2847949044
35.2847949044
35.2847949044
35.2847949044
35.2847949044
35.2847949044
35.2847949044
35.2847949044
35.2847949044
35.2847949044
35.2847949044
35.2847949044
35.2847949044
35.2847949044
35.2847949044
35.2847949044
35.2847949044
35.2847949044
35.2847949044
35.2847949044
35.2847949044
35.2847949044
35.2847949044
35.2847949044
35.2847949044
35.2847949044
35.2847949044
35.2847949044
35.2847949044
35.2847949044
35.2847949044
35.2847949044
35.2847949044
35.2847949044
35.2847949044
35.2847949044
35.2847949044
35.2847949044
35.2847949044
35.2847949044
35.2847949044
35.2847949044
35.2847949044
35.2847949044
35.2847949044
35.2847949044
35.2847949044
35.2847949044
35.2847949044
35.2847949044
35.2847949044
35.2847949044
35.2847949044
35.2847949044
35.2847949044
35.2847949044
35.2847949044
35.2847949044
35.2847949044
35.2847949044
35.2847949044
35.2847949044
35.2847949044
35.2847949044
35.2847949044
35.2847949044
35.2847949044
35.2847949044
35.2847949044
35.2847949044
35.2847949044
35.2847949044
35.2847949044
35.2847949044
35.2847949044
35.2847949044
35.2847949044
35.2847949044
35.2847949044
35.2847949044
35.2847949045
35.2847949045
35.2847949045
35.2847949045
35.2847949045
35.2847949045
35.2847949045
35.2847949045
35.2847949045
35.2847949045
35.2847949045
35.2847949045
35.2847949045
35.2847949045
35.2847949045
35.2847949045
35.2847949045
35.2847949045
35.2847949045
35.2847949045
35.2847949045
35.2847949045
35.2847949045
35.2847949045
35.2847949045
35.2847949045
35.2847949045
35.2847949045
35.2847949045
35.2847949045
35.2847949045
35.2847949045
35.2847949045
35.2847949045
35.2847949045
35.2847949045
35.2847949045
35.2847949045
35.2847949045
35.2847949045
35.2847949045
35.2847949045
35.2847949045
35.2847949045
35.2847949045
35.2847949045
35.2847949045
35.2847949045
35.2847949045
35.2847949045
35.2847949045
35.2847949045
35.2847949045
35.2847949045
35.2847949045
35.2847949045
35.2847949045
35.2847949045
35.2847949045
35.2847949045
35.2847949045
35.2847949045
35.2847949045
35.2847949045
35.2847949045
35.2847949045
35.2847949045
35.2847949045
35.2847949045
35.2847949045
35.2847949045
35.2847949045
35.2847949045
35.2847949045
35.2847949045
35.2847949045
35.2847949045
35.2847949045
35.2847949045
35.2847949045
35.2847949045
35.2847949045
35.2847949045
35.2847949045
35.2847949045
35.2847949045
35.2847949045
35.2847949045
35.2847949045
35.2847949045
35.2847949045
35.2847949045
35.2847949045
35.2847949045
35.2847949045
35.2847949045
35.2847949045
35.2847949045
35.2847949045
35.2847949045
35.2847949045
35.2847949045
35.2847949045
35.2847949045
35.2847949045
35.2847949045
35.2847949045
35.2847949045
35.2847949045
35.2847949045
35.2847949045
35.2847949045
35.2847949045
35.2847949045
35.2847949045
35.2847949045
35.2847949045
35.2847949045
35.2847949045
35.2847949045
35.2847949045
35.2847949045
35.2847949045
35.2847949045
35.2847949045
35.2847949045
35.2847949045
35.2847949045
35.2847949045
35.2847949045
35.2847949045
35.2847949045
35.2847949045
35.2847949045
35.2847949045
35.2847949045
35.2847949045
35.2847949045
35.2847949045
35.2847949045
35.2847949045
35.2847949045
35.2847949045
35.2847949045
35.2847949045
35.2847949045
35.2847949045
35.2847949045
35.2847949045
35.2847949045
35.2847949045
35.2847949045
35.2847949045
35.2847949045
35.2847949045
35.2847949045
35.2847949045
35.2847949045
35.2847949045
35.2847949045
35.2847949045
35.2847949045
35.2847949045
35.2847949045
35.2847949045
35.2847949045
35.2847949045
35.2847949045
35.2847949045
35.2847949045
35.2847949045
35.2847949045
35.2847949045
35.2847949045
35.2847949045
35.2847949045
35.2847949045
35.2847949045
35.2847949045
35.2847949045
35.2847949045
35.2847949045
35.2847949045
35.2847949045
35.2847949045
35.2847949045
35.2847949045
35.2847949045
35.2847949045
35.2847949045
35.2847949045
35.2847949045
35.2847949045
35.2847949045
35.2847949045
35.2847949045
35.2847949045
35.2847949045
35.2847949045
35.2847949045
35.2847949045
35.2847949045
35.2847949045
35.2847949045
35.2847949045
35.2847949045
35.2847949045
35.2847949045
35.2847949045
35.2847949045
35.2847949045
35.2847949045
35.2847949045
35.2847949045
35.2847949045
35.2847949045
35.2847949045
35.2847949045
35.2847949045
35.2847949045
35.2847949045
35.2847949045
35.2847949045
35.2847949045
35.2847949045
35.2847949045
35.2847949045
35.2847949045
35.2847949045
35.2847949045
35.2847949045
35.2847949045
35.2847949045
35.2847949045
35.2847949045
35.2847949045
35.2847949045
35.2847949045
35.2847949045
35.2847949045
35.2847949045
35.2847949045
35.2847949045
35.2847949045
35.2847949045
35.2847949045
35.2847949045
35.2847949045
35.2847949045
35.2847949045
35.2847949045
35.2847949045
35.2847949045
35.2847949045
35.2847949045
35.2847949045
35.2847949045
35.2847949045
35.2847949045
35.2847949045
35.2847949045
35.2847949045
35.2847949045
35.2847949045
35.2847949045
35.2847949045
35.2847949045
35.2847949045
35.2847949045
35.2847949045
35.2847949045
35.2847949045
35.2847949046
35.2847949046
35.2847949046
35.2847949046
35.2847949046
35.2847949046
35.2847949046
35.2847949046
35.2847949046
35.2847949046
35.2847949046
35.2847949046
35.2847949046
35.2847949046
35.2847949046
35.2847949046
35.2847949046
35.2847949046
35.2847949046
35.2847949046
35.2847949046
35.2847949046
35.2847949046
35.2847949046
35.2847949046
35.2847949046
35.2847949046
35.2847949046
35.2847949046
35.2847949046
35.2847949046
35.2847949046
35.2847949046
35.2847949046
35.2847949046
35.2847949046
35.2847949046
35.2847949046
35.2847949046
35.2847949046
35.2847949046
35.2847949046
35.2847949046
35.2847949046
35.2847949046
35.2847949046
35.2847949046
35.2847949046
35.2847949046
35.2847949046
35.2847949046
35.2847949046
35.2847949046
35.2847949046
35.2847949046
35.2847949046
35.2847949046
35.2847949046
35.2847949046
35.2847949046
35.2847949046
35.2847949046
35.2847949046
35.2847949046
35.2847949046
35.2847949046
35.2847949046
35.2847949046
35.2847949046
35.2847949046
35.2847949046
35.2847949046
35.2847949046
35.2847949046
35.2847949046
35.2847949046
35.2847949046
35.2847949046
35.2847949046
35.2847949046
35.2847949046
35.2847949046
35.2847949046
35.2847949046
35.2847949046
35.2847949046
35.2847949046
35.2847949046
35.2847949046
35.2847949046
35.2847949046
35.2847949046
35.2847949046
35.2847949046
35.2847949046
35.2847949046
35.2847949046
35.2847949046
35.2847949046
35.2847949046
35.2847949046
35.2847949046
35.2847949046
35.2847949046
35.2847949046
35.2847949046
35.2847949046
35.2847949046
35.2847949046
35.2847949046
35.2847949046
35.2847949046
35.2847949046
35.2847949046
35.2847949046
35.2847949046
35.2847949046
35.2847949046
35.2847949046
35.2847949046
35.2847949046
35.2847949046
35.2847949046
35.2847949046
35.2847949046
35.2847949046
35.2847949046
35.2847949046
35.2847949046
35.2847949046
35.2847949046
35.2847949046
35.2847949046
35.2847949046
35.2847949046
35.2847949046
35.2847949046
35.2847949046
35.2847949046
35.2847949046
35.2847949046
35.2847949046
35.2847949046
35.2847949046
35.2847949046
35.2847949046
35.2847949046
35.2847949046
35.2847949046
35.2847949046
35.2847949046
35.2847949046
35.2847949046
35.2847949046
35.2847949046
35.2847949046
35.2847949046
35.2847949046
35.2847949046
35.2847949046
35.2847949046
35.2847949046
35.2847949046
35.2847949046
35.2847949046
35.2847949046
35.2847949046
35.2847949046
35.2847949046
35.2847949046
35.2847949046
35.2847949046
35.2847949046
35.2847949046
35.2847949046
35.2847949046
35.2847949046
35.2847949046
35.2847949046
35.2847949046
35.2847949046
35.2847949046
35.2847949046
35.2847949046
35.2847949046
35.2847949046
35.2847949046
35.2847949046
35.2847949046
35.2847949046
35.2847949046
35.2847949046
35.2847949046
35.2847949046
35.2847949046
35.2847949046
35.2847949046
35.2847949046
35.2847949046
35.2847949046
35.2847949046
35.2847949046
35.2847949046
35.2847949046
35.2847949046
35.2847949046
35.2847949046
35.2847949046
35.2847949046
35.2847949046
35.2847949046
35.2847949046
35.2847949046
35.2847949046
35.2847949046
35.2847949046
35.2847949046
35.2847949046
35.2847949046
35.2847949046
35.2847949046
35.2847949046
35.2847949046
35.2847949046
35.2847949046
35.2847949046
35.2847949046
35.2847949046
35.2847949046
35.2847949046
35.2847949046
35.2847949046
35.2847949046
35.2847949046
35.2847949046
35.2847949046
35.2847949046
35.2847949046
35.2847949046
35.2847949046
35.2847949046
35.2847949046
35.2847949046
35.2847949046
35.2847949046
35.2847949046
35.2847949046
35.2847949046
35.2847949046
35.2847949046
35.2847949046
35.2847949046
35.2847949046
35.2847949046
35.2847949046
35.2847949046
35.2847949046
35.2847949046
35.2847949046
35.2847949046
35.2847949046
35.2847949046
35.2847949046
35.2847949046
35.2847949046
35.2847949046
35.2847949046
35.2847949046
35.2847949046
35.2847949046
35.2847949046
35.2847949046
35.2847949047
35.2847949047
35.2847949047
35.2847949047
35.2847949047
35.2847949047
35.2847949047
35.2847949047
35.2847949047
35.2847949047
35.2847949047
35.2847949047
35.2847949047
35.2847949047
35.2847949047
35.2847949047
35.2847949047
35.2847949047
35.2847949047
35.2847949047
35.2847949047
35.2847949047
35.2847949047
35.2847949047
35.2847949047
35.2847949047
35.2847949047
35.2847949047
35.2847949047
35.2847949047
35.2847949047
35.2847949047
35.2847949047
35.2847949047
35.2847949047
35.2847949047
35.2847949047
35.2847949047
35.2847949047
35.2847949047
35.2847949047
35.2847949047
35.2847949047
35.2847949047
35.2847949047
35.2847949047
35.2847949047
35.2847949047
35.2847949047
35.2847949047
35.2847949047
35.2847949047
35.2847949047
35.2847949047
35.2847949047
35.2847949047
35.2847949047
35.2847949047
35.2847949047
35.2847949047
35.2847949047
35.2847949047
