21.5583847987
21.5199612846
21.5018106625
21.4978132712
21.4930880334
21.4900198443
21.487633718
21.4856324201
21.4839036657
21.4823657432
21.4809613526
21.4796473868
21.4783894316
21.4771580229
21.4759258806
21.4746655418
21.4733469681
21.4719347003
21.4703840224
21.4686353425
21.4666055713
21.4641747687
21.4611665452
21.4573256209
21.4523191091
21.4458406574
21.4378050034
21.4288281759
21.4228308046
21.4204881981
21.4193033264
21.4184122279
21.4176188157
21.4168586066
21.4161075954
21.4153605051
21.4146226198
21.4139047057
21.4132188818
21.4125754941
21.4119813824
21.4114395262
21.4109496356
21.410509131
21.4101141077
21.4097600887
21.4094425299
21.4091571172
21.4088999153
21.4086674223
21.408456569
21.4082646903
21.4080894841
21.4079289664
21.4077814282
21.4076453965
21.407519599
21.4074029347
21.4072944482
21.4071933076
21.4070987866
21.4070102493
21.4069271366
21.4068489558
21.406775271
21.4067056959
21.4066398864
21.4065775359
21.4065183698
21.4064621416
21.40640863
21.4063576351
21.4063089761
21.4062624895
21.4062180264
21.4061754517
21.4061346419
21.4060954841
21.4060578751
21.4060217201
21.405986932
21.4059534306
21.405921142
21.4058899977
21.4058599347
21.4058308943
21.4058028222
21.405775668
21.4057493846
21.4057239283
21.4056992582
21.4056753363
21.4056521268
21.4056295964
21.4056077138
21.4055864496
21.4055657763
21.405545668
21.4055261002
21.4055070501
21.4054884959
21.4054704171
21.4054527946
21.40543561
21.4054188462
21.4054024866
21.4053865159
21.4053709194
21.4053556831
21.4053407938
21.4053262389
21.4053120065
21.4052980852
21.4052844641
21.4052711329
21.4052580818
21.4052453013
21.4052327826
21.405220517
21.4052084964
21.4051967129
21.4051851591
21.4051738278
21.4051627121
21.4051518055
21.4051411016
21.4051305945
21.4051202783
21.4051101475
21.4051001967
21.4050904208
21.4050808148
21.405071374
21.4050620939
21.4050529701
21.4050439982
21.4050351744
21.4050264945
21.4050179549
21.4050095519
21.4050012819
21.4049931417
21.4049851279
21.4049772373
21.4049694669
21.4049618138
21.4049542751
21.4049468479
21.4049395298
21.4049323181
21.4049252102
21.4049182039
21.4049112967
21.4049044863
21.4048977706
21.4048911475
21.4048846149
21.4048781708
21.4048718132
21.4048655404
21.4048593503
21.4048532414
21.4048472118
21.40484126
21.4048353842
21.4048295829
21.4048238546
21.4048181978
21.404812611
21.4048070929
21.404801642
21.4047962571
21.4047909369
21.40478568
21.4047804853
21.4047753516
21.4047702777
21.4047652625
21.4047603049
21.4047554038
21.4047505582
21.404745767
21.4047410293
21.404736344
21.4047317103
21.4047271273
21.4047225939
21.4047181095
21.404713673
21.4047092837
21.4047049407
21.4047006433
21.4046963906
21.404692182
21.4046880166
21.4046838938
21.4046798129
21.4046757731
21.4046717738
21.4046678143
21.404663894
21.4046600122
21.4046561684
21.4046523619
21.4046485921
21.4046448585
21.4046411605
21.4046374975
21.404633869
21.4046302745
21.4046267135
21.4046231854
21.4046196898
21.4046162261
21.4046127939
21.4046093927
21.4046060222
21.4046026817
21.4045993709
21.4045960893
21.4045928366
21.4045896123
21.4045864161
21.4045832474
21.404580106
21.4045769914
21.4045739032
21.4045708412
21.404567805
21.4045647941
21.4045618082
21.4045588471
21.4045559103
21.4045529976
21.4045501086
21.4045472431
21.4045444006
21.4045415809
21.4045387837
21.4045360087
21.4045332556
21.4045305242
21.4045278141
21.4045251251
21.4045224569
21.4045198092
21.4045171819
21.4045145746
21.4045119871
21.4045094191
21.4045068704
21.4045043408
21.4045018301
21.4044993379
21.4044968641
21.4044944085
21.4044919708
21.4044895508
21.4044871484
21.4044847633
21.4044823952
21.4044800441
21.4044777097
21.4044753917
21.4044730901
21.4044708047
21.4044685352
21.4044662814
21.4044640432
21.4044618205
21.404459613
21.4044574205
21.404455243
21.4044530802
21.4044509319
21.4044487981
21.4044466785
21.404444573
21.4044424814
21.4044404037
21.4044383396
21.4044362889
21.4044342517
21.4044322276
21.4044302166
21.4044282185
21.4044262332
21.4044242606
21.4044223005
21.4044203529
21.4044184174
21.4044164942
21.4044145829
21.4044126835
21.4044107959
21.40440892
21.4044070556
21.4044052026
21.4044033609
21.4044015304
21.404399711
21.4043979026
21.404396105
21.4043943182
21.4043925421
21.4043907764
21.4043890213
21.4043872764
21.4043855418
21.4043838174
21.404382103
21.4043803986
21.404378704
21.4043770191
21.404375344
21.4043736784
21.4043720223
21.4043703756
21.4043687382
21.4043671101
21.4043654911
21.4043638811
21.4043622802
21.4043606881
21.4043591048
21.4043575303
21.4043559644
21.4043544071
21.4043528583
21.4043513179
21.4043497858
21.4043482621
21.4043467465
21.4043452391
21.4043437397
21.4043422483
21.4043407648
21.4043392891
21.4043378213
21.4043363611
21.4043349086
21.4043334637
21.4043320262
21.4043305963
21.4043291737
21.4043277584
21.4043263504
21.4043249496
21.404323556
21.4043221694
21.4043207898
21.4043194172
21.4043180515
21.4043166927
21.4043153406
21.4043139953
21.4043126567
21.4043113247
21.4043099992
21.4043086803
21.4043073679
21.4043060619
21.4043047622
21.4043034688
21.4043021817
21.4043009008
21.4042996261
21.4042983575
21.404297095
21.4042958384
21.4042945879
21.4042933433
21.4042921045
21.4042908716
21.4042896445
21.4042884231
21.4042872074
21.4042859974
21.404284793
21.4042835941
21.4042824008
21.4042812129
21.4042800306
21.4042788536
21.4042776819
21.4042765156
21.4042753546
21.4042741988
21.4042730482
21.4042719028
21.4042707625
21.4042696273
21.4042684972
21.4042673721
21.4042662519
21.4042651367
21.4042640264
21.404262921
21.4042618204
21.4042607246
21.4042596336
21.4042585473
21.4042574657
21.4042563888
21.4042553165
21.4042542488
21.4042531857
21.4042521271
21.404251073
21.4042500234
21.4042489782
21.4042479374
21.404246901
21.404245869
21.4042448413
21.4042438179
21.4042427987
21.4042417838
21.404240773
21.4042397665
21.404238764
21.4042377657
21.4042367715
21.4042357814
21.4042347952
21.4042338131
21.404232835
21.4042318608
21.4042308906
21.4042299242
21.4042289618
21.4042280031
21.4042270483
21.4042260973
21.4042251501
21.4042242066
21.4042232669
21.4042223308
21.4042213985
21.4042204698
21.4042195447
21.4042186232
21.4042177053
21.404216791
21.4042158802
21.4042149729
21.4042140691
21.4042131688
21.4042122719
21.4042113785
21.4042104884
21.4042096018
21.4042087185
21.4042078385
21.4042069619
21.4042060886
21.4042052185
21.4042043517
21.4042034882
21.4042026279
21.4042017707
21.4042009168
21.404200066
21.4041992184
21.4041983739
21.4041975324
21.4041966941
21.4041958588
21.4041950266
21.4041941974
21.4041933713
21.4041925481
21.4041917279
21.4041909106
21.4041900963
21.4041892849
21.4041884765
21.4041876709
21.4041868681
21.4041860683
21.4041852713
21.4041844771
21.4041836856
21.404182897
21.4041821112
21.4041813281
21.4041805478
21.4041797702
21.4041789952
21.404178223
21.4041774535
21.4041766866
21.4041759224
21.4041751608
21.4041744018
21.4041736454
21.4041728916
21.4041721404
21.4041713918
21.4041706457
21.4041699021
21.404169161
21.4041684225
21.4041676864
21.4041669528
21.4041662216
21.404165493
21.4041647667
21.4041640429
21.4041633214
21.4041626024
21.4041618857
21.4041611714
21.4041604595
21.4041597499
21.4041590427
21.4041583377
21.4041576351
21.4041569347
21.4041562367
21.4041555408
21.4041548473
21.404154156
21.4041534669
21.4041527801
21.4041520954
21.404151413
21.4041507327
21.4041500546
21.4041493787
21.4041487049
21.4041480332
21.4041473637
21.4041466963
21.404146031
21.4041453678
21.4041447067
21.4041440477
21.4041433907
21.4041427357
21.4041420829
21.404141432
21.4041407832
21.4041401363
21.4041394915
21.4041388486
21.4041382078
21.4041375689
21.4041369319
21.404136297
21.4041356639
21.4041350328
21.4041344036
21.4041337763
21.4041331509
21.4041325274
21.4041319058
21.4041312861
21.4041306682
21.4041300521
21.404129438
21.4041288256
21.4041282151
21.4041276064
21.4041269995
21.4041263944
21.4041257911
21.4041251896
21.4041245898
21.4041239918
21.4041233956
21.4041228011
21.4041222084
21.4041216174
21.4041210281
21.4041204405
21.4041198547
21.4041192705
21.404118688
21.4041181072
21.4041175281
21.4041169506
21.4041163748
21.4041158007
21.4041152282
21.4041146573
21.404114088
21.4041135204
21.4041129544
21.40411239
21.4041118272
21.4041112659
21.4041107063
21.4041101482
21.4041095917
21.4041090368
21.4041084834
21.4041079315
21.4041073812
21.4041068325
21.4041062852
21.4041057395
21.4041051952
21.4041046525
21.4041041113
21.4041035716
21.4041030333
21.4041024965
21.4041019612
21.4041014274
21.404100895
21.404100364
21.4040998345
21.4040993065
21.4040987799
21.4040982546
21.4040977309
21.4040972085
21.4040966875
21.4040961679
21.4040956498
21.404095133
21.4040946175
21.4040941035
21.4040935908
21.4040930795
21.4040925696
21.404092061
21.4040915537
21.4040910478
21.4040905432
21.4040900399
21.404089538
21.4040890374
21.404088538
21.40408804
21.4040875433
21.4040870479
21.4040865538
21.4040860609
21.4040855693
21.404085079
21.40408459
21.4040841022
21.4040836157
21.4040831304
21.4040826464
21.4040821636
21.404081682
21.4040812017
21.4040807226
21.4040802447
21.404079768
21.4040792925
21.4040788183
21.4040783452
21.4040778733
21.4040774026
21.4040769331
21.4040764648
21.4040759976
21.4040755317
21.4040750668
21.4040746032
21.4040741407
21.4040736793
21.4040732191
21.40407276
21.404072302
21.4040718452
21.4040713895
21.404070935
21.4040704815
21.4040700292
21.404069578
21.4040691278
21.4040686788
21.4040682309
21.404067784
21.4040673383
21.4040668936
21.40406645
21.4040660074
21.404065566
21.4040651256
21.4040646862
21.404064248
21.4040638107
21.4040633745
21.4040629394
21.4040625053
21.4040620722
21.4040616402
21.4040612092
21.4040607792
21.4040603502
21.4040599223
21.4040594953
21.4040590694
21.4040586445
21.4040582205
21.4040577976
21.4040573756
21.4040569547
21.4040565347
21.4040561157
21.4040556977
21.4040552806
21.4040548645
21.4040544494
21.4040540353
21.4040536221
21.4040532098
21.4040527985
21.4040523882
21.4040519788
21.4040515703
21.4040511628
21.4040507562
21.4040503505
21.4040499457
21.4040495419
21.404049139
21.404048737
21.4040483359
21.4040479358
21.4040475365
21.4040471381
21.4040467407
21.4040463441
21.4040459484
21.4040455536
21.4040451597
21.4040447667
21.4040443745
21.4040439832
21.4040435928
21.4040432033
21.4040428146
21.4040424268
21.4040420399
21.4040416538
21.4040412685
21.4040408841
21.4040405006
21.4040401179
21.404039736
21.404039355
21.4040389748
21.4040385954
21.4040382169
21.4040378392
21.4040374623
21.4040370862
21.404036711
21.4040363365
21.4040359629
21.4040355901
21.4040352181
21.4040348469
21.4040344764
21.4040341068
21.404033738
21.40403337
21.4040330027
21.4040326362
21.4040322706
21.4040319057
21.4040315415
21.4040311782
21.4040308156
21.4040304538
21.4040300927
21.4040297325
21.4040293729
21.4040290142
21.4040286562
21.4040282989
21.4040279424
21.4040275866
21.4040272316
21.4040268773
21.4040265238
21.404026171
21.4040258189
21.4040254676
21.404025117
21.4040247671
21.404024418
21.4040240695
21.4040237218
21.4040233748
21.4040230286
21.404022683
21.4040223381
21.404021994
21.4040216505
21.4040213078
21.4040209658
21.4040206244
21.4040202838
21.4040199438
21.4040196045
21.404019266
21.4040189281
21.4040185909
21.4040182543
21.4040179185
21.4040175833
21.4040172488
21.404016915
21.4040165819
21.4040162494
21.4040159175
21.4040155864
21.4040152559
21.4040149261
21.4040145969
21.4040142684
21.4040139405
21.4040136133
21.4040132867
21.4040129608
21.4040126355
21.4040123109
21.4040119869
21.4040116635
21.4040113408
21.4040110187
21.4040106972
21.4040103764
21.4040100562
21.4040097366
21.4040094177
21.4040090993
21.4040087816
21.4040084645
21.404008148
21.4040078322
21.4040075169
21.4040072023
21.4040068882
21.4040065748
21.404006262
21.4040059498
21.4040056381
21.4040053271
21.4040050167
21.4040047068
21.4040043976
21.404004089
21.4040037809
21.4040034734
21.4040031665
21.4040028602
21.4040025545
21.4040022493
21.4040019448
21.4040016408
21.4040013373
21.4040010345
21.4040007322
21.4040004305
21.4040001294
21.4039998288
21.4039995288
21.4039992293
21.4039989304
21.4039986321
21.4039983343
21.4039980371
21.4039977404
21.4039974443
21.4039971487
21.4039968537
21.4039965592
21.4039962653
21.4039959719
21.4039956791
21.4039953868
21.403995095
21.4039948038
21.4039945131
21.4039942229
21.4039939333
21.4039936442
21.4039933556
21.4039930676
21.40399278
21.403992493
21.4039922066
21.4039919206
21.4039916352
21.4039913502
21.4039910658
21.4039907819
21.4039904986
21.4039902157
21.4039899333
21.4039896515
21.4039893702
21.4039890893
21.403988809
21.4039885292
21.4039882498
21.403987971
21.4039876927
21.4039874148
21.4039871375
21.4039868606
21.4039865843
21.4039863084
21.403986033
21.4039857581
21.4039854837
21.4039852098
21.4039849363
21.4039846634
21.4039843909
21.4039841189
21.4039838474
21.4039835764
21.4039833058
21.4039830357
21.4039827661
21.4039824969
21.4039822282
21.40398196
21.4039816923
21.403981425
21.4039811582
21.4039808918
21.4039806259
21.4039803605
21.4039800955
21.403979831
21.4039795669
21.4039793033
21.4039790401
21.4039787774
21.4039785152
21.4039782534
21.403977992
21.4039777311
21.4039774707
21.4039772106
21.4039769511
21.4039766919
21.4039764332
21.403976175
21.4039759172
21.4039756598
21.4039754029
21.4039751463
21.4039748903
21.4039746346
21.4039743794
21.4039741246
21.4039738703
21.4039736164
21.4039733629
21.4039731098
21.4039728571
21.4039726049
21.4039723531
21.4039721017
21.4039718508
21.4039716002
21.4039713501
21.4039711004
21.4039708511
21.4039706022
21.4039703537
21.4039701056
21.403969858
21.4039696107
21.4039693639
21.4039691175
21.4039688715
21.4039686258
21.4039683806
21.4039681358
21.4039678914
21.4039676474
21.4039674038
21.4039671605
21.4039669177
21.4039666753
21.4039664333
21.4039661916
21.4039659504
21.4039657095
21.4039654691
21.403965229
21.4039649893
21.40396475
21.4039645111
21.4039642726
21.4039640345
21.4039637967
