32.9174465071
32.9933940987
33.0434241158
33.0620145744
33.0687672455
33.0715281451
33.07267238
33.0731471788
33.0733441775
33.0734258948
33.0734597792
33.0734738179
33.0734796232
33.0734820128
33.0734829853
33.07348337
33.0734835109
33.0734835508
33.0734835488
33.0734835296
33.0734835033
33.0734834741
33.0734834438
33.0734834132
33.0734833825
33.0734833518
33.0734833213
33.0734832908
33.0734832605
33.0734832304
33.0734832004
33.0734831705
33.0734831408
33.0734831112
33.0734830817
33.0734830524
33.0734830232
33.0734829942
33.0734829652
33.0734829365
33.0734829078
33.0734828793
33.0734828509
33.0734828227
33.0734827946
33.0734827666
33.0734827388
33.073482711
33.0734826834
33.073482656
33.0734826286
33.0734826014
33.0734825744
33.0734825474
33.0734825206
33.0734824939
33.0734824673
33.0734824409
33.0734824145
33.0734823883
33.0734823623
33.0734823363
33.0734823105
33.0734822847
33.0734822591
33.0734822337
33.0734822083
33.0734821831
33.0734821579
33.0734821329
33.073482108
33.0734820833
33.0734820586
33.0734820341
33.0734820096
33.0734819853
33.0734819611
33.073481937
33.073481913
33.0734818891
33.0734818654
33.0734818417
33.0734818182
33.0734817948
33.0734817714
33.0734817482
33.0734817251
33.0734817021
33.0734816792
33.0734816564
33.0734816337
33.0734816111
33.0734815886
33.0734815662
33.0734815439
33.0734815218
33.0734814997
33.0734814777
33.0734814558
33.073481434
33.0734814124
33.0734813908
33.0734813693
33.0734813479
33.0734813266
33.0734813054
33.0734812843
33.0734812633
33.0734812424
33.0734812216
33.0734812009
33.0734811802
33.0734811597
33.0734811392
33.0734811189
33.0734810986
33.0734810784
33.0734810584
33.0734810384
33.0734810184
33.0734809986
33.0734809789
33.0734809592
33.0734809397
33.0734809202
33.0734809008
33.0734808815
33.0734808623
33.0734808432
33.0734808241
33.0734808052
33.0734807863
33.0734807675
33.0734807488
33.0734807301
33.0734807116
33.0734806931
33.0734806747
33.0734806564
33.0734806381
33.07348062
33.0734806019
33.0734805839
33.073480566
33.0734805481
33.0734805303
33.0734805126
33.073480495
33.0734804775
33.07348046
33.0734804426
33.0734804253
33.073480408
33.0734803909
33.0734803737
33.0734803567
33.0734803398
33.0734803229
33.073480306
33.0734802893
33.0734802726
33.073480256
33.0734802395
33.073480223
33.0734802066
33.0734801903
33.073480174
33.0734801578
33.0734801417
33.0734801256
33.0734801096
33.0734800937
33.0734800778
33.073480062
33.0734800463
33.0734800306
33.073480015
33.0734799995
33.073479984
33.0734799686
33.0734799532
33.0734799379
33.0734799227
33.0734799076
33.0734798924
33.0734798774
33.0734798624
33.0734798475
33.0734798326
33.0734798178
33.0734798031
33.0734797884
33.0734797738
33.0734797592
33.0734797447
33.0734797302
33.0734797159
33.0734797015
33.0734796872
33.073479673
33.0734796588
33.0734796447
33.0734796307
33.0734796167
33.0734796027
33.0734795888
33.073479575
33.0734795612
33.0734795475
33.0734795338
33.0734795202
33.0734795066
33.0734794931
33.0734794796
33.0734794662
33.0734794529
33.0734794396
33.0734794263
33.0734794131
33.0734793999
33.0734793868
33.0734793738
33.0734793608
33.0734793478
33.0734793349
33.073479322
33.0734793092
33.0734792965
33.0734792838
33.0734792711
33.0734792585
33.0734792459
33.0734792334
33.0734792209
33.0734792085
33.0734791961
33.0734791838
33.0734791715
33.0734791593
33.0734791471
33.0734791349
33.0734791228
33.0734791107
33.0734790987
33.0734790867
33.0734790748
33.0734790629
33.0734790511
33.0734790393
33.0734790275
33.0734790158
33.0734790042
33.0734789925
33.073478981
33.0734789694
33.0734789579
33.0734789465
33.073478935
33.0734789237
33.0734789123
33.073478901
33.0734788898
33.0734788786
33.0734788674
33.0734788563
33.0734788452
33.0734788341
33.0734788231
33.0734788121
33.0734788012
33.0734787903
33.0734787795
33.0734787686
33.0734787579
33.0734787471
33.0734787364
33.0734787258
33.0734787151
33.0734787045
33.073478694
33.0734786835
33.073478673
33.0734786625
33.0734786521
33.0734786418
33.0734786314
33.0734786211
33.0734786109
33.0734786006
33.0734785904
33.0734785803
33.0734785702
33.0734785601
33.07347855
33.07347854
33.07347853
33.0734785201
33.0734785102
33.0734785003
33.0734784904
33.0734784806
33.0734784708
33.0734784611
33.0734784514
33.0734784417
33.073478432
33.0734784224
33.0734784128
33.0734784033
33.0734783937
33.0734783843
33.0734783748
33.0734783654
33.073478356
33.0734783466
33.0734783373
33.073478328
33.0734783187
33.0734783095
33.0734783003
33.0734782911
33.0734782819
33.0734782728
33.0734782637
33.0734782547
33.0734782456
33.0734782366
33.0734782277
33.0734782187
33.0734782098
33.0734782009
33.0734781921
33.0734781833
33.0734781745
33.0734781657
33.073478157
33.0734781482
33.0734781396
33.0734781309
33.0734781223
33.0734781137
33.0734781051
33.0734780966
33.073478088
33.0734780795
33.0734780711
33.0734780626
33.0734780542
33.0734780458
33.0734780375
33.0734780292
33.0734780209
33.0734780126
33.0734780043
33.0734779961
33.0734779879
33.0734779797
33.0734779716
33.0734779635
33.0734779554
33.0734779473
33.0734779392
33.0734779312
33.0734779232
33.0734779152
33.0734779073
33.0734778994
33.0734778915
33.0734778836
33.0734778757
33.0734778679
33.0734778601
33.0734778523
33.0734778446
33.0734778368
33.0734778291
33.0734778215
33.0734778138
33.0734778062
33.0734777985
33.0734777909
33.0734777834
33.0734777758
33.0734777683
33.0734777608
33.0734777533
33.0734777459
33.0734777384
33.073477731
33.0734777236
33.0734777163
33.0734777089
33.0734777016
33.0734776943
33.073477687
33.0734776798
33.0734776725
33.0734776653
33.0734776581
33.073477651
33.0734776438
33.0734776367
33.0734776296
33.0734776225
33.0734776154
33.0734776084
33.0734776013
33.0734775943
33.0734775874
33.0734775804
33.0734775734
33.0734775665
33.0734775596
33.0734775527
33.0734775459
33.073477539
33.0734775322
33.0734775254
33.0734775186
33.0734775119
33.0734775051
33.0734774984
33.0734774917
33.073477485
33.0734774783
33.0734774717
33.073477465
33.0734774584
33.0734774518
33.0734774452
33.0734774387
33.0734774322
33.0734774256
33.0734774191
33.0734774127
33.0734774062
33.0734773997
33.0734773933
33.0734773869
33.0734773805
33.0734773741
33.0734773678
33.0734773614
33.0734773551
33.0734773488
33.0734773425
33.0734773363
33.07347733
33.0734773238
33.0734773176
33.0734773114
33.0734773052
33.073477299
33.0734772929
33.0734772867
33.0734772806
33.0734772745
33.0734772684
33.0734772624
33.0734772563
33.0734772503
33.0734772443
33.0734772383
33.0734772323
33.0734772263
33.0734772204
33.0734772144
33.0734772085
33.0734772026
33.0734771967
33.0734771909
33.073477185
33.0734771792
33.0734771733
33.0734771675
33.0734771617
33.073477156
33.0734771502
33.0734771445
33.0734771387
33.073477133
33.0734771273
33.0734771216
33.073477116
33.0734771103
33.0734771047
33.073477099
33.0734770934
33.0734770878
33.0734770822
33.0734770767
33.0734770711
33.0734770656
33.0734770601
33.0734770546
33.0734770491
33.0734770436
33.0734770381
33.0734770327
33.0734770272
33.0734770218
33.0734770164
33.073477011
33.0734770056
33.0734770002
33.0734769949
33.0734769895
33.0734769842
33.0734769789
33.0734769736
33.0734769683
33.073476963
33.0734769578
33.0734769525
33.0734769473
33.0734769421
33.0734769369
33.0734769317
33.0734769265
33.0734769213
33.0734769162
33.0734769111
33.0734769059
33.0734769008
33.0734768957
33.0734768906
33.0734768855
33.0734768805
33.0734768754
33.0734768704
33.0734768654
33.0734768604
33.0734768554
33.0734768504
33.0734768454
33.0734768404
33.0734768355
33.0734768305
33.0734768256
33.0734768207
33.0734768158
33.0734768109
33.073476806
33.0734768012
33.0734767963
33.0734767915
33.0734767866
33.0734767818
33.073476777
33.0734767722
33.0734767674
33.0734767627
33.0734767579
33.0734767532
33.0734767484
33.0734767437
33.073476739
33.0734767343
33.0734767296
33.0734767249
33.0734767202
33.0734767156
33.0734767109
33.0734767063
33.0734767017
33.0734766971
33.0734766925
33.0734766879
33.0734766833
33.0734766787
33.0734766742
33.0734766696
33.0734766651
33.0734766606
33.073476656
33.0734766515
33.073476647
33.0734766426
33.0734766381
33.0734766336
33.0734766292
33.0734766247
33.0734766203
33.0734766159
33.0734766115
33.0734766071
33.0734766027
33.0734765983
33.0734765939
33.0734765896
33.0734765852
33.0734765809
33.0734765766
33.0734765722
33.0734765679
33.0734765636
33.0734765593
33.0734765551
33.0734765508
33.0734765465
33.0734765423
33.073476538
33.0734765338
33.0734765296
33.0734765254
33.0734765212
33.073476517
33.0734765128
33.0734765086
33.0734765045
33.0734765003
33.0734764962
33.073476492
33.0734764879
33.0734764838
33.0734764797
33.0734764756
33.0734764715
33.0734764674
33.0734764634
33.0734764593
33.0734764553
33.0734764512
33.0734764472
33.0734764432
33.0734764391
33.0734764351
33.0734764311
33.0734764272
33.0734764232
33.0734764192
33.0734764152
33.0734764113
33.0734764073
33.0734764034
33.0734763995
33.0734763956
33.0734763917
33.0734763878
33.0734763839
33.07347638
33.0734763761
33.0734763722
33.0734763684
33.0734763645
33.0734763607
33.0734763569
33.073476353
33.0734763492
33.0734763454
33.0734763416
33.0734763378
33.073476334
33.0734763303
33.0734763265
33.0734763227
33.073476319
33.0734763152
33.0734763115
33.0734763078
33.0734763041
33.0734763004
33.0734762967
33.073476293
33.0734762893
33.0734762856
33.0734762819
33.0734762783
33.0734762746
33.073476271
33.0734762673
33.0734762637
33.0734762601
33.0734762565
33.0734762528
33.0734762492
33.0734762457
33.0734762421
33.0734762385
33.0734762349
33.0734762314
33.0734762278
33.0734762243
33.0734762207
33.0734762172
33.0734762137
33.0734762101
33.0734762066
33.0734762031
33.0734761996
33.0734761961
33.0734761927
33.0734761892
33.0734761857
33.0734761823
33.0734761788
33.0734761754
33.0734761719
33.0734761685
33.0734761651
33.0734761616
33.0734761582
33.0734761548
33.0734761514
33.073476148
33.0734761447
33.0734761413
33.0734761379
33.0734761346
33.0734761312
33.0734761279
33.0734761245
33.0734761212
33.0734761179
33.0734761145
33.0734761112
33.0734761079
33.0734761046
33.0734761013
33.073476098
33.0734760947
33.0734760915
33.0734760882
33.0734760849
33.0734760817
33.0734760784
33.0734760752
33.073476072
33.0734760687
33.0734760655
33.0734760623
33.0734760591
33.0734760559
33.0734760527
33.0734760495
33.0734760463
33.0734760431
33.07347604
33.0734760368
33.0734760337
33.0734760305
33.0734760274
33.0734760242
33.0734760211
33.073476018
33.0734760148
33.0734760117
33.0734760086
33.0734760055
33.0734760024
33.0734759993
33.0734759962
33.0734759932
33.0734759901
33.073475987
33.073475984
33.0734759809
33.0734759779
33.0734759748
33.0734759718
33.0734759687
33.0734759657
33.0734759627
33.0734759597
33.0734759567
33.0734759537
33.0734759507
33.0734759477
33.0734759447
33.0734759417
33.0734759388
33.0734759358
33.0734759328
33.0734759299
33.0734759269
33.073475924
33.073475921
33.0734759181
33.0734759152
33.0734759123
33.0734759093
33.0734759064
33.0734759035
33.0734759006
33.0734758977
33.0734758948
33.073475892
33.0734758891
33.0734758862
33.0734758833
33.0734758805
33.0734758776
33.0734758748
33.0734758719
33.0734758691
33.0734758663
33.0734758634
33.0734758606
33.0734758578
33.073475855
33.0734758522
33.0734758494
33.0734758466
33.0734758438
33.073475841
33.0734758382
33.0734758354
33.0734758326
33.0734758299
33.0734758271
33.0734758244
33.0734758216
33.0734758189
33.0734758161
33.0734758134
33.0734758107
33.0734758079
33.0734758052
33.0734758025
33.0734757998
33.0734757971
33.0734757944
33.0734757917
33.073475789
33.0734757863
33.0734757836
33.0734757809
33.0734757783
33.0734757756
33.0734757729
33.0734757703
33.0734757676
33.073475765
33.0734757623
33.0734757597
33.0734757571
33.0734757544
33.0734757518
33.0734757492
33.0734757466
33.073475744
33.0734757414
33.0734757388
33.0734757362
33.0734757336
33.073475731
33.0734757284
33.0734757258
33.0734757233
33.0734757207
33.0734757181
33.0734757156
33.073475713
33.0734757105
33.0734757079
33.0734757054
33.0734757028
33.0734757003
33.0734756978
33.0734756952
33.0734756927
33.0734756902
33.0734756877
33.0734756852
33.0734756827
33.0734756802
33.0734756777
33.0734756752
33.0734756727
33.0734756703
33.0734756678
33.0734756653
33.0734756628
33.0734756604
33.0734756579
33.0734756555
33.073475653
33.0734756506
33.0734756481
33.0734756457
33.0734756433
33.0734756408
33.0734756384
33.073475636
33.0734756336
33.0734756312
33.0734756288
33.0734756264
33.073475624
33.0734756216
33.0734756192
33.0734756168
33.0734756144
33.073475612
33.0734756096
33.0734756073
33.0734756049
33.0734756026
33.0734756002
33.0734755978
33.0734755955
33.0734755931
33.0734755908
33.0734755885
33.0734755861
33.0734755838
33.0734755815
33.0734755791
33.0734755768
33.0734755745
33.0734755722
33.0734755699
33.0734755676
33.0734755653
33.073475563
33.0734755607
33.0734755584
33.0734755561
33.0734755539
33.0734755516
33.0734755493
33.073475547
33.0734755448
33.0734755425
33.0734755403
33.073475538
33.0734755357
33.0734755335
33.0734755313
33.073475529
33.0734755268
33.0734755246
33.0734755223
33.0734755201
33.0734755179
33.0734755157
33.0734755135
33.0734755112
33.073475509
33.0734755068
33.0734755046
33.0734755024
33.0734755003
33.0734754981
33.0734754959
33.0734754937
33.0734754915
33.0734754893
33.0734754872
33.073475485
33.0734754828
33.0734754807
33.0734754785
33.0734754764
33.0734754742
33.0734754721
33.0734754699
33.0734754678
33.0734754657
33.0734754635
33.0734754614
33.0734754593
33.0734754572
33.073475455
33.0734754529
33.0734754508
33.0734754487
33.0734754466
33.0734754445
33.0734754424
33.0734754403
33.0734754382
33.0734754361
33.0734754341
33.073475432
33.0734754299
33.0734754278
33.0734754257
33.0734754237
33.0734754216
33.0734754196
33.0734754175
33.0734754154
33.0734754134
33.0734754113
33.0734754093
33.0734754073
33.0734754052
33.0734754032
33.0734754011
33.0734753991
33.0734753971
33.0734753951
33.0734753931
33.073475391
33.073475389
33.073475387
33.073475385
33.073475383
33.073475381
