40.7043651074
40.7045492151
40.7046655899
40.7047228497
40.704731237
40.7046991774
40.7046322444
40.7045329699
40.7044006709
40.7042308058
40.7040133129
40.7037288423
40.7033401252
40.7027706075
40.7018444736
40.7000874284
40.6959300555
40.6838884297
40.6651791875
40.6636696211
40.6701556939
40.677279364
40.6809734056
40.682350857
40.6828150977
40.682971913
40.6830296469
40.6830555374
40.6830709034
40.683082496
40.6830924772
40.6831015636
40.683110014
40.6831179399
40.6831254035
40.6831324483
40.6831391096
40.683145418
40.6831514005
40.6831570815
40.6831624829
40.6831676247
40.6831725247
40.6831771996
40.6831816642
40.6831859323
40.6831900164
40.683193928
40.6831976777
40.6832012752
40.6832047295
40.6832080489
40.683211241
40.683214313
40.6832172713
40.6832201223
40.6832228714
40.6832255241
40.6832280852
40.6832305593
40.6832329509
40.6832352638
40.6832375019
40.6832396687
40.6832417676
40.6832438015
40.6832457735
40.6832476864
40.6832495427
40.6832513448
40.6832530951
40.6832547957
40.6832564488
40.6832580562
40.6832596199
40.6832611415
40.6832626227
40.6832640651
40.6832654701
40.6832668392
40.6832681738
40.6832694751
40.6832707443
40.6832719826
40.683273191
40.6832743707
40.6832755227
40.6832766479
40.6832777471
40.6832788214
40.6832798715
40.6832808982
40.6832819023
40.6832828845
40.6832838455
40.683284786
40.6832857066
40.683286608
40.6832874907
40.6832883553
40.6832892024
40.6832900324
40.6832908459
40.6832916433
40.6832924252
40.683293192
40.683293944
40.6832946817
40.6832954056
40.6832961159
40.6832968131
40.6832974976
40.6832981696
40.6832988294
40.6832994775
40.6833001142
40.6833007396
40.6833013542
40.6833019581
40.6833025517
40.6833031352
40.6833037089
40.683304273
40.6833048277
40.6833053734
40.6833059101
40.6833064381
40.6833069576
40.6833074689
40.6833079721
40.6833084673
40.6833089549
40.6833094348
40.6833099075
40.6833103729
40.6833108312
40.6833112827
40.6833117275
40.6833121656
40.6833125973
40.6833130227
40.683313442
40.6833138551
40.6833142624
40.6833146639
40.6833150597
40.68331545
40.6833158348
40.6833162143
40.6833165886
40.6833169578
40.6833173219
40.6833176812
40.6833180356
40.6833183854
40.6833187305
40.683319071
40.6833194072
40.6833197389
40.6833200664
40.6833203896
40.6833207088
40.6833210239
40.683321335
40.6833216423
40.6833219457
40.6833222454
40.6833225413
40.6833228337
40.6833231225
40.6833234078
40.6833236897
40.6833239682
40.6833242434
40.6833245154
40.6833247841
40.6833250497
40.6833253123
40.6833255718
40.6833258283
40.6833260818
40.6833263325
40.6833265804
40.6833268255
40.6833270678
40.6833273074
40.6833275444
40.6833277787
40.6833280105
40.6833282398
40.6833284666
40.6833286909
40.6833289128
40.6833291324
40.6833293496
40.6833295645
40.6833297772
40.6833299876
40.6833301958
40.6833304019
40.6833306059
40.6833308077
40.6833310075
40.6833312053
40.683331401
40.6833315948
40.6833317866
40.6833319766
40.6833321646
40.6833323508
40.6833325351
40.6833327177
40.6833328984
40.6833330774
40.6833332547
40.6833334303
40.6833336041
40.6833337764
40.683333947
40.6833341159
40.6833342833
40.6833344491
40.6833346134
40.6833347762
40.6833349374
40.6833350972
40.6833352555
40.6833354123
40.6833355677
40.6833357218
40.6833358744
40.6833360256
40.6833361755
40.6833363241
40.6833364714
40.6833366173
40.683336762
40.6833369054
40.6833370476
40.6833371885
40.6833373282
40.6833374667
40.683337604
40.6833377401
40.6833378751
40.6833380089
40.6833381416
40.6833382732
40.6833384037
40.6833385331
40.6833386614
40.6833387887
40.6833389149
40.68333904
40.6833391642
40.6833392873
40.6833394094
40.6833395306
40.6833396507
40.6833397699
40.6833398882
40.6833400055
40.6833401218
40.6833402373
40.6833403518
40.6833404655
40.6833405782
40.6833406901
40.6833408011
40.6833409112
40.6833410205
40.6833411289
40.6833412365
40.6833413433
40.6833414493
40.6833415545
40.6833416589
40.6833417625
40.6833418653
40.6833419673
40.6833420686
40.6833421691
40.6833422689
40.683342368
40.6833424663
40.6833425639
40.6833426608
40.683342757
40.6833428525
40.6833429473
40.6833430414
40.6833431348
40.6833432276
40.6833433197
40.6833434112
40.683343502
40.6833435921
40.6833436816
40.6833437705
40.6833438588
40.6833439465
40.6833440335
40.68334412
40.6833442058
40.6833442911
40.6833443758
40.6833444599
40.6833445434
40.6833446263
40.6833447087
40.6833447906
40.6833448719
40.6833449526
40.6833450328
40.6833451125
40.6833451916
40.6833452702
40.6833453483
40.6833454258
40.6833455029
40.6833455795
40.6833456555
40.6833457311
40.6833458062
40.6833458807
40.6833459548
40.6833460285
40.6833461016
40.6833461743
40.6833462465
40.6833463183
40.6833463896
40.6833464604
40.6833465308
40.6833466008
40.6833466703
40.6833467394
40.6833468081
40.6833468763
40.6833469441
40.6833470115
40.6833470785
40.683347145
40.6833472112
40.6833472769
40.6833473423
40.6833474072
40.6833474718
40.6833475359
40.6833475997
40.6833476631
40.6833477261
40.6833477888
40.683347851
40.6833479129
40.6833479745
40.6833480356
40.6833480964
40.6833481569
40.6833482169
40.6833482767
40.6833483361
40.6833483951
40.6833484538
40.6833485122
40.6833485702
40.6833486279
40.6833486852
40.6833487423
40.683348799
40.6833488553
40.6833489114
40.6833489671
40.6833490226
40.6833490777
40.6833491325
40.683349187
40.6833492411
40.683349295
40.6833493486
40.6833494019
40.6833494549
40.6833495076
40.68334956
40.6833496121
40.6833496639
40.6833497155
40.6833497668
40.6833498177
40.6833498684
40.6833499189
40.683349969
40.6833500189
40.6833500686
40.6833501179
40.683350167
40.6833502158
40.6833502644
40.6833503127
40.6833503608
40.6833504086
40.6833504561
40.6833505034
40.6833505505
40.6833505973
40.6833506438
40.6833506901
40.6833507362
40.683350782
40.6833508276
40.683350873
40.6833509181
40.683350963
40.6833510077
40.6833510521
40.6833510963
40.6833511403
40.683351184
40.6833512276
40.6833512709
40.683351314
40.6833513569
40.6833513995
40.683351442
40.6833514842
40.6833515262
40.6833515681
40.6833516097
40.6833516511
40.6833516923
40.6833517333
40.6833517741
40.6833518146
40.683351855
40.6833518952
40.6833519352
40.683351975
40.6833520146
40.6833520541
40.6833520933
40.6833521323
40.6833521712
40.6833522098
40.6833522483
40.6833522866
40.6833523247
40.6833523626
40.6833524004
40.6833524379
40.6833524753
40.6833525125
40.6833525496
40.6833525864
40.6833526231
40.6833526596
40.683352696
40.6833527321
40.6833527682
40.683352804
40.6833528397
40.6833528752
40.6833529105
40.6833529457
40.6833529807
40.6833530156
40.6833530503
40.6833530848
40.6833531192
40.6833531534
40.6833531875
40.6833532214
40.6833532551
40.6833532887
40.6833533222
40.6833533555
40.6833533887
40.6833534217
40.6833534545
40.6833534872
40.6833535198
40.6833535522
40.6833535845
40.6833536166
40.6833536486
40.6833536805
40.6833537122
40.6833537438
40.6833537752
40.6833538065
40.6833538376
40.6833538687
40.6833538995
40.6833539303
40.6833539609
40.6833539914
40.6833540218
40.683354052
40.6833540821
40.683354112
40.6833541419
40.6833541716
40.6833542012
40.6833542306
40.6833542599
40.6833542892
40.6833543182
40.6833543472
40.683354376
40.6833544047
40.6833544333
40.6833544618
40.6833544902
40.6833545184
40.6833545465
40.6833545745
40.6833546024
40.6833546302
40.6833546578
40.6833546854
40.6833547128
40.6833547401
40.6833547673
40.6833547944
40.6833548214
40.6833548482
40.683354875
40.6833549016
40.6833549282
40.6833549546
40.6833549809
40.6833550071
40.6833550332
40.6833550592
40.6833550851
40.6833551109
40.6833551366
40.6833551622
40.6833551877
40.6833552131
40.6833552384
40.6833552636
40.6833552886
40.6833553136
40.6833553385
40.6833553633
40.683355388
40.6833554126
40.6833554371
40.6833554615
40.6833554858
40.68335551
40.6833555341
40.6833555581
40.6833555821
40.6833556059
40.6833556296
40.6833556533
40.6833556768
40.6833557003
40.6833557237
40.683355747
40.6833557702
40.6833557933
40.6833558163
40.6833558392
40.6833558621
40.6833558848
40.6833559075
40.6833559301
40.6833559526
40.683355975
40.6833559973
40.6833560196
40.6833560417
40.6833560638
40.6833560858
40.6833561077
40.6833561296
40.6833561513
40.683356173
40.6833561946
40.6833562161
40.6833562375
40.6833562589
40.6833562801
40.6833563013
40.6833563224
40.6833563435
40.6833563644
40.6833563853
40.6833564061
40.6833564269
40.6833564475
40.6833564681
40.6833564886
40.683356509
40.6833565294
40.6833565497
40.6833565699
40.68335659
40.6833566101
40.6833566301
40.68335665
40.6833566698
40.6833566896
40.6833567093
40.683356729
40.6833567485
40.683356768
40.6833567874
40.6833568068
40.6833568261
40.6833568453
40.6833568645
40.6833568836
40.6833569026
40.6833569215
40.6833569404
40.6833569592
40.683356978
40.6833569967
40.6833570153
40.6833570339
40.6833570523
40.6833570708
40.6833570891
40.6833571074
40.6833571257
40.6833571439
40.683357162
40.68335718
40.683357198
40.6833572159
40.6833572338
40.6833572516
40.6833572694
40.683357287
40.6833573047
40.6833573222
40.6833573397
40.6833573572
40.6833573746
40.6833573919
40.6833574092
40.6833574264
40.6833574435
40.6833574606
40.6833574776
40.6833574946
40.6833575115
40.6833575284
40.6833575452
40.683357562
40.6833575787
40.6833575953
40.6833576119
40.6833576284
40.6833576449
40.6833576613
40.6833576777
40.683357694
40.6833577103
40.6833577265
40.6833577427
40.6833577588
40.6833577748
40.6833577908
40.6833578068
40.6833578226
40.6833578385
40.6833578543
40.68335787
40.6833578857
40.6833579013
40.6833579169
40.6833579325
40.683357948
40.6833579634
40.6833579788
40.6833579941
40.6833580094
40.6833580246
40.6833580398
40.683358055
40.6833580701
40.6833580851
40.6833581001
40.6833581151
40.68335813
40.6833581448
40.6833581596
40.6833581744
40.6833581891
40.6833582038
40.6833582184
40.683358233
40.6833582475
40.683358262
40.6833582764
40.6833582908
40.6833583052
40.6833583195
40.6833583338
40.683358348
40.6833583622
40.6833583763
40.6833583904
40.6833584044
40.6833584184
40.6833584324
40.6833584463
40.6833584602
40.683358474
40.6833584878
40.6833585015
40.6833585152
40.6833585289
40.6833585425
40.6833585561
40.6833585696
40.6833585831
40.6833585966
40.68335861
40.6833586233
40.6833586367
40.68335865
40.6833586632
40.6833586764
40.6833586896
40.6833587027
40.6833587158
40.6833587289
40.6833587419
40.6833587549
40.6833587678
40.6833587807
40.6833587936
40.6833588064
40.6833588192
40.6833588319
40.6833588446
40.6833588573
40.6833588699
40.6833588825
40.6833588951
40.6833589076
40.6833589201
40.6833589325
40.6833589449
40.6833589573
40.6833589697
40.683358982
40.6833589942
40.6833590065
40.6833590187
40.6833590308
40.6833590429
40.683359055
40.6833590671
40.6833590791
40.6833590911
40.6833591031
40.683359115
40.6833591269
40.6833591387
40.6833591505
40.6833591623
40.683359174
40.6833591858
40.6833591974
40.6833592091
40.6833592207
40.6833592323
40.6833592438
40.6833592553
40.6833592668
40.6833592783
40.6833592897
40.6833593011
40.6833593124
40.6833593237
40.683359335
40.6833593463
40.6833593575
40.6833593687
40.6833593799
40.683359391
40.6833594021
40.6833594132
40.6833594242
40.6833594352
40.6833594462
40.6833594571
40.6833594681
40.6833594789
40.6833594898
40.6833595006
40.6833595114
40.6833595222
40.6833595329
40.6833595436
40.6833595543
40.6833595649
40.6833595756
40.6833595862
40.6833595967
40.6833596072
40.6833596177
40.6833596282
40.6833596387
40.6833596491
40.6833596595
40.6833596698
40.6833596802
40.6833596905
40.6833597007
40.683359711
40.6833597212
40.6833597314
40.6833597416
40.6833597517
40.6833597618
40.6833597719
40.683359782
40.683359792
40.683359802
40.683359812
40.6833598219
40.6833598318
40.6833598417
40.6833598516
40.6833598615
40.6833598713
40.6833598811
40.6833598908
40.6833599006
40.6833599103
40.68335992
40.6833599296
40.6833599393
40.6833599489
40.6833599585
40.683359968
40.6833599776
40.6833599871
40.6833599966
40.683360006
40.6833600155
40.6833600249
40.6833600343
40.6833600436
40.683360053
40.6833600623
40.6833600716
40.6833600808
40.6833600901
40.6833600993
40.6833601085
40.6833601177
40.6833601268
40.6833601359
40.683360145
40.6833601541
40.6833601632
40.6833601722
40.6833601812
40.6833601902
40.6833601992
40.6833602081
40.683360217
40.6833602259
40.6833602348
40.6833602436
40.6833602524
40.6833602612
40.68336027
40.6833602788
40.6833602875
40.6833602962
40.6833603049
40.6833603136
40.6833603222
40.6833603309
40.6833603395
40.683360348
40.6833603566
40.6833603651
40.6833603737
40.6833603822
40.6833603906
40.6833603991
40.6833604075
40.6833604159
40.6833604243
40.6833604327
40.683360441
40.6833604494
40.6833604577
40.683360466
40.6833604742
40.6833604825
40.6833604907
40.6833604989
40.6833605071
40.6833605153
40.6833605234
40.6833605315
40.6833605396
40.6833605477
40.6833605558
40.6833605638
40.6833605719
40.6833605799
40.6833605879
40.6833605958
40.6833606038
40.6833606117
40.6833606196
40.6833606275
40.6833606354
40.6833606432
40.6833606511
40.6833606589
40.6833606667
40.6833606744
40.6833606822
40.6833606899
40.6833606977
40.6833607054
40.683360713
40.6833607207
40.6833607284
40.683360736
40.6833607436
40.6833607512
40.6833607588
40.6833607663
40.6833607739
40.6833607814
40.6833607889
40.6833607964
40.6833608038
40.6833608113
40.6833608187
40.6833608261
40.6833608335
40.6833608409
40.6833608483
40.6833608556
40.6833608629
40.6833608702
40.6833608775
40.6833608848
40.683360892
40.6833608993
40.6833609065
40.6833609137
40.6833609209
40.6833609281
40.6833609352
40.6833609424
40.6833609495
40.6833609566
40.6833609637
40.6833609708
40.6833609778
40.6833609849
40.6833609919
40.6833609989
40.6833610059
40.6833610129
40.6833610198
40.6833610268
40.6833610337
40.6833610406
40.6833610475
40.6833610544
40.6833610612
40.6833610681
40.6833610749
40.6833610817
40.6833610885
40.6833610953
40.6833611021
40.6833611088
40.6833611156
40.6833611223
40.683361129
40.6833611357
40.6833611424
40.683361149
40.6833611557
40.6833611623
40.6833611689
40.6833611755
40.6833611821
40.6833611887
40.6833611952
40.6833612018
40.6833612083
