30.6617562263
30.6409396002
30.6364948702
30.7071893944
30.7169619309
30.7187592541
30.719690877
30.7202838871
30.7203660171
30.7203671644
30.7203809858
30.7204041142
30.7204248057
30.7204448291
30.7204616742
30.7204766456
30.7204890452
30.7204994145
30.7205073919
30.720512882
30.7205151516
30.7205130577
30.7205043033
30.7204847035
30.7204462092
30.7203730125
30.7202330542
30.7199607449
30.7194267864
30.7184062016
30.7165955276
30.7136632713
30.7089242695
30.7010697874
30.6916077466
30.6870761132
30.6858358309
30.6853200219
30.6850386091
30.6848612385
30.6847391281
30.6846498529
30.6845817026
30.6845279366
30.684484418
30.684448455
30.6844182281
30.684392458
30.6843702219
30.6843508355
30.6843337814
30.6843186607
30.684305161
30.6842930339
30.6842820796
30.6842721353
30.6842630673
30.6842547644
30.6842471335
30.6842400963
30.6842335858
30.6842275451
30.6842219251
30.6842166834
30.6842117828
30.6842071913
30.6842028804
30.6841988253
30.6841950037
30.684191396
30.6841879849
30.6841847546
30.6841816912
30.684178782
30.6841760156
30.6841733819
30.6841708714
30.6841684758
30.6841661872
30.6841639988
30.684161904
30.6841598969
30.6841579722
30.6841561249
30.6841543504
30.6841526445
30.6841510032
30.684149423
30.6841479006
30.6841464327
30.6841450165
30.6841436494
30.6841423288
30.6841410524
30.6841398179
30.6841386235
30.684137467
30.6841363469
30.6841352613
30.6841342087
30.6841331876
30.6841321967
30.6841312345
30.6841302999
30.6841293917
30.6841285088
30.6841276501
30.6841268147
30.6841260017
30.68412521
30.684124439
30.6841236878
30.6841229556
30.6841222418
30.6841215457
30.6841208665
30.6841202037
30.6841195568
30.6841189251
30.6841183081
30.6841177053
30.6841171162
30.6841165404
30.6841159774
30.6841154268
30.6841148882
30.6841143611
30.6841138453
30.6841133404
30.684112846
30.6841123618
30.6841118875
30.6841114228
30.6841109674
30.684110521
30.6841100833
30.6841096542
30.6841092333
30.6841088205
30.6841084154
30.684108018
30.6841076279
30.6841072449
30.6841068689
30.6841064997
30.6841061371
30.6841057809
30.684105431
30.6841050871
30.6841047492
30.6841044171
30.6841040905
30.6841037695
30.6841034539
30.6841031434
30.684102838
30.6841025376
30.6841022421
30.6841019513
30.6841016651
30.6841013834
30.6841011061
30.6841008331
30.6841005643
30.6841002996
30.6841000389
30.6840997821
30.6840995292
30.68409928
30.6840990345
30.6840987925
30.6840985541
30.6840983191
30.6840980875
30.6840978591
30.684097634
30.684097412
30.684097193
30.6840969771
30.6840967642
30.6840965542
30.6840963469
30.6840961425
30.6840959408
30.6840957418
30.6840955454
30.6840953515
30.6840951602
30.6840949713
30.6840947849
30.6840946008
30.6840944191
30.6840942396
30.6840940624
30.6840938874
30.6840937145
30.6840935438
30.6840933751
30.6840932085
30.6840930439
30.6840928813
30.6840927206
30.6840925618
30.6840924048
30.6840922497
30.6840920964
30.6840919449
30.6840917951
30.684091647
30.6840915006
30.6840913559
30.6840912128
30.6840910713
30.6840909313
30.6840907929
30.684090656
30.6840905206
30.6840903867
30.6840902542
30.6840901232
30.6840899936
30.6840898653
30.6840897384
30.6840896128
30.6840894885
30.6840893655
30.6840892438
30.6840891234
30.6840890042
30.6840888862
30.6840887694
30.6840886538
30.6840885393
30.684088426
30.6840883138
30.6840882027
30.6840880927
30.6840879838
30.684087876
30.6840877692
30.6840876634
30.6840875586
30.6840874549
30.6840873521
30.6840872503
30.6840871495
30.6840870496
30.6840869506
30.6840868526
30.6840867555
30.6840866592
30.6840865639
30.6840864694
30.6840863758
30.684086283
30.684086191
30.6840860999
30.6840860096
30.6840859201
30.6840858314
30.6840857434
30.6840856563
30.6840855699
30.6840854842
30.6840853993
30.6840853151
30.6840852316
30.6840851489
30.6840850668
30.6840849855
30.6840849048
30.6840848248
30.6840847455
30.6840846669
30.6840845888
30.6840845115
30.6840844348
30.6840843587
30.6840842832
30.6840842083
30.684084134
30.6840840604
30.6840839873
30.6840839148
30.6840838429
30.6840837716
30.6840837008
30.6840836306
30.6840835609
30.6840834918
30.6840834232
30.6840833551
30.6840832876
30.6840832205
30.684083154
30.684083088
30.6840830225
30.6840829575
30.684082893
30.684082829
30.6840827655
30.6840827024
30.6840826398
30.6840825776
30.6840825159
30.6840824547
30.6840823939
30.6840823336
30.6840822737
30.6840822142
30.6840821552
30.6840820966
30.6840820384
30.6840819806
30.6840819232
30.6840818662
30.6840818097
30.6840817535
30.6840816977
30.6840816424
30.6840815874
30.6840815327
30.6840814785
30.6840814246
30.6840813711
30.684081318
30.6840812652
30.6840812128
30.6840811608
30.6840811091
30.6840810577
30.6840810067
30.684080956
30.6840809057
30.6840808557
30.684080806
30.6840807567
30.6840807077
30.684080659
30.6840806106
30.6840805625
30.6840805148
30.6840804673
30.6840804202
30.6840803734
30.6840803268
30.6840802806
30.6840802346
30.684080189
30.6840801436
30.6840800985
30.6840800537
30.6840800092
30.684079965
30.684079921
30.6840798773
30.6840798339
30.6840797908
30.6840797479
30.6840797052
30.6840796629
30.6840796208
30.6840795789
30.6840795373
30.684079496
30.6840794549
30.684079414
30.6840793734
30.684079333
30.6840792929
30.684079253
30.6840792134
30.684079174
30.6840791348
30.6840790958
30.6840790571
30.6840790186
30.6840789803
30.6840789422
30.6840789044
30.6840788668
30.6840788294
30.6840787922
30.6840787552
30.6840787184
30.6840786818
30.6840786455
30.6840786093
30.6840785734
30.6840785376
30.6840785021
30.6840784668
30.6840784316
30.6840783966
30.6840783619
30.6840783273
30.6840782929
30.6840782587
30.6840782247
30.6840781909
30.6840781573
30.6840781238
30.6840780905
30.6840780575
30.6840780245
30.6840779918
30.6840779592
30.6840779268
30.6840778946
30.6840778626
30.6840778307
30.684077799
30.6840777675
30.6840777361
30.6840777049
30.6840776738
30.6840776429
30.6840776122
30.6840775817
30.6840775512
30.684077521
30.6840774909
30.684077461
30.6840774312
30.6840774015
30.684077372
30.6840773427
30.6840773135
30.6840772845
30.6840772556
30.6840772269
30.6840771982
30.6840771698
30.6840771415
30.6840771133
30.6840770853
30.6840770574
30.6840770296
30.684077002
30.6840769745
30.6840769471
30.6840769199
30.6840768928
30.6840768659
30.6840768391
30.6840768124
30.6840767858
30.6840767594
30.6840767331
30.6840767069
30.6840766808
30.6840766549
30.6840766291
30.6840766034
30.6840765778
30.6840765524
30.684076527
30.6840765018
30.6840764768
30.6840764518
30.6840764269
30.6840764022
30.6840763776
30.6840763531
30.6840763287
30.6840763044
30.6840762802
30.6840762562
30.6840762322
30.6840762084
30.6840761847
30.684076161
30.6840761375
30.6840761141
30.6840760908
30.6840760676
30.6840760445
30.6840760215
30.6840759987
30.6840759759
30.6840759532
30.6840759306
30.6840759081
30.6840758858
30.6840758635
30.6840758413
30.6840758192
30.6840757972
30.6840757753
30.6840757536
30.6840757319
30.6840757102
30.6840756887
30.6840756673
30.684075646
30.6840756248
30.6840756036
30.6840755826
30.6840755616
30.6840755407
30.68407552
30.6840754993
30.6840754787
30.6840754582
30.6840754377
30.6840754174
30.6840753971
30.684075377
30.6840753569
30.6840753369
30.6840753169
30.6840752971
30.6840752774
30.6840752577
30.6840752381
30.6840752186
30.6840751992
30.6840751798
30.6840751605
30.6840751414
30.6840751222
30.6840751032
30.6840750843
30.6840750654
30.6840750466
30.6840750279
30.6840750092
30.6840749906
30.6840749721
30.6840749537
30.6840749354
30.6840749171
30.6840748989
30.6840748808
30.6840748627
30.6840748447
30.6840748268
30.684074809
30.6840747912
30.6840747735
30.6840747558
30.6840747383
30.6840747208
30.6840747034
30.684074686
30.6840746687
30.6840746515
30.6840746343
30.6840746172
30.6840746002
30.6840745833
30.6840745664
30.6840745495
30.6840745328
30.6840745161
30.6840744994
30.6840744829
30.6840744663
30.6840744499
30.6840744335
30.6840744172
30.6840744009
30.6840743847
30.6840743686
30.6840743525
30.6840743365
30.6840743205
30.6840743047
30.6840742888
30.684074273
30.6840742573
30.6840742417
30.684074226
30.6840742105
30.684074195
30.6840741796
30.6840741642
30.6840741489
30.6840741336
30.6840741184
30.6840741033
30.6840740882
30.6840740731
30.6840740581
30.6840740432
30.6840740283
30.6840740135
30.6840739987
30.684073984
30.6840739693
30.6840739547
30.6840739402
30.6840739257
30.6840739112
30.6840738968
30.6840738824
30.6840738681
30.6840738539
30.6840738397
30.6840738255
30.6840738114
30.6840737974
30.6840737834
30.6840737694
30.6840737555
30.6840737417
30.6840737278
30.6840737141
30.6840737004
30.6840736867
30.6840736731
30.6840736595
30.684073646
30.6840736325
30.6840736191
30.6840736057
30.6840735924
30.6840735791
30.6840735658
30.6840735526
30.6840735394
30.6840735263
30.6840735133
30.6840735002
30.6840734872
30.6840734743
30.6840734614
30.6840734486
30.6840734358
30.684073423
30.6840734103
30.6840733976
30.6840733849
30.6840733724
30.6840733598
30.6840733473
30.6840733348
30.6840733224
30.68407331
30.6840732976
30.6840732853
30.6840732731
30.6840732608
30.6840732487
30.6840732365
30.6840732244
30.6840732123
30.6840732003
30.6840731883
30.6840731764
30.6840731645
30.6840731526
30.6840731407
30.6840731289
30.6840731172
30.6840731055
30.6840730938
30.6840730821
30.6840730705
30.684073059
30.6840730474
30.6840730359
30.6840730245
30.684073013
30.6840730016
30.6840729903
30.684072979
30.6840729677
30.6840729564
30.6840729452
30.684072934
30.6840729229
30.6840729118
30.6840729007
30.6840728897
30.6840728787
30.6840728677
30.6840728568
30.6840728459
30.684072835
30.6840728242
30.6840728134
30.6840728026
30.6840727919
30.6840727812
30.6840727705
30.6840727599
30.6840727492
30.6840727387
30.6840727281
30.6840727176
30.6840727072
30.6840726967
30.6840726863
30.6840726759
30.6840726656
30.6840726552
30.684072645
30.6840726347
30.6840726245
30.6840726143
30.6840726041
30.684072594
30.6840725839
30.6840725738
30.6840725638
30.6840725537
30.6840725438
30.6840725338
30.6840725239
30.684072514
30.6840725041
30.6840724943
30.6840724845
30.6840724747
30.6840724649
30.6840724552
30.6840724455
30.6840724358
30.6840724262
30.6840724166
30.684072407
30.6840723974
30.6840723879
30.6840723784
30.6840723689
30.6840723595
30.6840723501
30.6840723407
30.6840723313
30.684072322
30.6840723127
30.6840723034
30.6840722941
30.6840722849
30.6840722757
30.6840722665
30.6840722574
30.6840722482
30.6840722391
30.68407223
30.684072221
30.684072212
30.684072203
30.684072194
30.684072185
30.6840721761
30.6840721672
30.6840721583
30.6840721495
30.6840721407
30.6840721319
30.6840721231
30.6840721143
30.6840721056
30.6840720969
30.6840720882
30.6840720796
30.6840720709
30.6840720623
30.6840720538
30.6840720452
30.6840720367
30.6840720281
30.6840720196
30.6840720112
30.6840720027
30.6840719943
30.6840719859
30.6840719775
30.6840719692
30.6840719609
30.6840719525
30.6840719443
30.684071936
30.6840719278
30.6840719195
30.6840719113
30.6840719032
30.684071895
30.6840718869
30.6840718788
30.6840718707
30.6840718626
30.6840718546
30.6840718465
30.6840718385
30.6840718306
30.6840718226
30.6840718147
30.6840718067
30.6840717988
30.684071791
30.6840717831
30.6840717753
30.6840717675
30.6840717597
30.6840717519
30.6840717441
30.6840717364
30.6840717287
30.684071721
30.6840717133
30.6840717057
30.684071698
30.6840716904
30.6840716828
30.6840716752
30.6840716677
30.6840716601
30.6840716526
30.6840716451
30.6840716377
30.6840716302
30.6840716228
30.6840716153
30.6840716079
30.6840716005
30.6840715932
30.6840715858
30.6840715785
30.6840715712
30.6840715639
30.6840715566
30.6840715494
30.6840715422
30.6840715349
30.6840715277
30.6840715206
30.6840715134
30.6840715062
30.6840714991
30.684071492
30.6840714849
30.6840714778
30.6840714708
30.6840714637
30.6840714567
30.6840714497
30.6840714427
30.6840714358
30.6840714288
30.6840714219
30.684071415
30.6840714081
30.6840714012
30.6840713943
30.6840713875
30.6840713806
30.6840713738
30.684071367
30.6840713602
30.6840713535
30.6840713467
30.68407134
30.6840713333
30.6840713266
30.6840713199
30.6840713132
30.6840713065
30.6840712999
30.6840712933
30.6840712867
30.6840712801
30.6840712735
30.684071267
30.6840712604
30.6840712539
30.6840712474
30.6840712409
30.6840712344
30.6840712279
30.6840712215
30.6840712151
30.6840712086
30.6840712022
30.6840711959
30.6840711895
30.6840711831
30.6840711768
30.6840711705
30.6840711641
30.6840711578
30.6840711516
30.6840711453
30.684071139
30.6840711328
30.6840711266
30.6840711204
30.6840711142
30.684071108
30.6840711018
30.6840710957
30.6840710895
30.6840710834
30.6840710773
30.6840710712
30.6840710651
30.684071059
30.684071053
30.684071047
30.6840710409
30.6840710349
30.6840710289
30.6840710229
30.684071017
30.684071011
30.6840710051
30.6840709991
30.6840709932
30.6840709873
30.6840709814
30.6840709755
30.6840709697
30.6840709638
30.684070958
30.6840709522
30.6840709464
30.6840709406
30.6840709348
30.684070929
30.6840709233
30.6840709175
30.6840709118
30.6840709061
30.6840709004
30.6840708947
30.684070889
30.6840708833
30.6840708777
30.684070872
30.6840708664
30.6840708608
30.6840708552
30.6840708496
30.684070844
30.6840708384
30.6840708329
30.6840708273
30.6840708218
30.6840708163
30.6840708108
30.6840708053
30.6840707998
30.6840707943
30.6840707888
30.6840707834
30.684070778
30.6840707725
30.6840707671
30.6840707617
30.6840707563
30.684070751
30.6840707456
30.6840707402
30.6840707349
30.6840707296
30.6840707243
30.6840707189
30.6840707136
30.6840707084
30.6840707031
30.6840706978
30.6840706926
30.6840706873
30.6840706821
30.6840706769
30.6840706717
30.6840706665
30.6840706613
30.6840706561
30.684070651
30.6840706458
30.6840706407
30.6840706356
30.6840706304
30.6840706253
30.6840706202
30.6840706152
30.6840706101
30.684070605
30.6840706
30.6840705949
30.6840705899
30.6840705849
30.6840705799
30.6840705748
30.6840705699
30.6840705649
30.6840705599
30.684070555
30.68407055
30.6840705451
30.6840705401
30.6840705352
30.6840705303
30.6840705254
30.6840705205
30.6840705156
30.6840705108
