32.592932412
32.6122516484
32.6931880759
32.715677419
32.7504474955
32.8052995014
32.7576852528
32.6833733404
32.6032457629
32.5477238563
32.4629033539
32.3746550202
32.3703326319
32.368572885
32.367709908
32.3672769472
32.3670571264
32.3669447548
32.3668870028
32.3668571338
32.366841531
32.3668332374
32.3668286926
32.366826073
32.3668244439
32.3668233265
32.3668224751
32.3668217638
32.3668211281
32.3668205347
32.3668199666
32.3668194151
32.3668188755
32.3668183456
32.366817824
32.36681731
32.3668168034
32.3668163038
32.3668158111
32.3668153251
32.3668148458
32.366814373
32.3668139068
32.3668134469
32.3668129934
32.3668125462
32.3668121052
32.3668116703
32.3668112415
32.3668108188
32.3668104019
32.3668099909
32.3668095858
32.3668091864
32.3668087927
32.3668084046
32.3668080222
32.3668076452
32.3668072738
32.3668069077
32.3668065471
32.3668061917
32.3668058416
32.3668054967
32.366805157
32.3668048225
32.3668044929
32.3668041684
32.3668038489
32.3668035344
32.3668032247
32.3668029198
32.3668026198
32.3668023245
32.366802034
32.3668017481
32.3668014669
32.3668011903
32.3668009182
32.3668006507
32.3668003877
32.3668001291
32.3667998749
32.3667996251
32.3667993797
32.3667991386
32.3667989018
32.3667986692
32.3667984409
32.3667982167
32.3667979967
32.3667977808
32.366797569
32.3667973613
32.3667971576
32.3667969579
32.3667967623
32.3667965705
32.3667963827
32.3667961988
32.3667960188
32.3667958426
32.3667956703
32.3667955017
32.366795337
32.3667951759
32.3667950187
32.3667948651
32.3667947152
32.366794569
32.3667944264
32.3667942874
32.366794152
32.3667940202
32.366793892
32.3667937673
32.3667936461
32.3667935285
32.3667934143
32.3667933035
32.3667931963
32.3667930924
32.366792992
32.3667928949
32.3667928013
32.3667927109
32.366792624
32.3667925403
32.36679246
32.366792383
32.3667923092
32.3667922388
32.3667921716
32.3667921076
32.3667920468
32.3667919893
32.366791935
32.3667918838
32.3667918358
32.366791791
32.3667917494
32.3667917108
32.3667916754
32.3667916432
32.366791614
32.3667915879
32.3667915649
32.366791545
32.3667915281
32.3667915143
32.3667915036
32.3667914958
32.3667914911
32.3667914894
32.3667914908
32.3667914951
32.3667915024
32.3667915127
32.366791526
32.3667915422
32.3667915614
32.3667915836
32.3667916087
32.3667916367
32.3667916677
32.3667917016
32.3667917384
32.3667917782
32.3667918208
32.3667918664
32.3667919148
32.3667919661
32.3667920204
32.3667920775
32.3667921375
32.3667922004
32.3667922661
32.3667923347
32.3667924062
32.3667924805
32.3667925577
32.3667926377
32.3667927206
32.3667928064
32.366792895
32.3667929864
32.3667930806
32.3667931777
32.3667932777
32.3667933805
32.3667934861
32.3667935945
32.3667937058
32.3667938199
32.3667939368
32.3667940565
32.3667941791
32.3667943045
32.3667944327
32.3667945638
32.3667946977
32.3667948344
32.3667949739
32.3667951163
32.3667952615
32.3667954095
32.3667955604
32.3667957141
32.3667958706
32.3667960299
32.3667961921
32.3667963572
32.366796525
32.3667966958
32.3667968693
32.3667970457
32.366797225
32.3667974071
32.3667975921
32.36679778
32.3667979707
32.3667981642
32.3667983607
32.36679856
32.3667987622
32.3667989673
32.3667991753
32.3667993862
32.3667996
32.3667998167
32.3668000363
32.3668002588
32.3668004842
32.3668007126
32.3668009439
32.3668011781
32.3668014153
32.3668016555
32.3668018986
32.3668021446
32.3668023937
32.3668026457
32.3668029007
32.3668031587
32.3668034197
32.3668036837
32.3668039508
32.3668042208
32.3668044939
32.3668047701
32.3668050493
32.3668053316
32.3668056169
32.3668059053
32.3668061968
32.3668064914
32.3668067892
32.36680709
32.366807394
32.3668077011
32.3668080114
32.3668083249
32.3668086415
32.3668089613
32.3668092843
32.3668096105
32.36680994
32.3668102727
32.3668106086
32.3668109478
32.3668112902
32.366811636
32.3668119851
32.3668123374
32.3668126931
32.3668130522
32.3668134146
32.3668137804
32.3668141495
32.3668145221
32.3668148981
32.3668152775
32.3668156604
32.3668160467
32.3668164365
32.3668168298
32.3668172266
32.366817627
32.3668180309
32.3668184384
32.3668188494
32.3668192641
32.3668196823
32.3668201043
32.3668205298
32.3668209591
32.366821392
32.3668218287
32.3668222691
32.3668227133
32.3668231612
32.366823613
32.3668240685
32.3668245279
32.3668249912
32.3668254584
32.3668259294
32.3668264044
32.3668268834
32.3668273663
32.3668278532
32.3668283442
32.3668288392
32.3668293383
32.3668298415
32.3668303488
32.3668308603
32.3668313759
32.3668318958
32.3668324198
32.3668329482
32.3668334808
32.3668340178
32.3668345591
32.3668351047
32.3668356548
32.3668362093
32.3668367683
32.3668373318
32.3668378998
32.3668384723
32.3668390494
32.3668396312
32.3668402176
32.3668408087
32.3668414046
32.3668420051
32.3668426105
32.3668432207
32.3668438358
32.3668444558
32.3668450807
32.3668457105
32.3668463454
32.3668469854
32.3668476304
32.3668482805
32.3668489359
32.3668495964
32.3668502622
32.3668509333
32.3668516097
32.3668522915
32.3668529787
32.3668536713
32.3668543695
32.3668550733
32.3668557826
32.3668564976
32.3668572183
32.3668579448
32.366858677
32.3668594151
32.3668601591
32.366860909
32.3668616649
32.3668624269
32.366863195
32.3668639692
32.3668647497
32.3668655364
32.3668663294
32.3668671289
32.3668679348
32.3668687472
32.3668695661
32.3668703917
32.366871224
32.366872063
32.3668729088
32.3668737615
32.3668746212
32.3668754879
32.3668763616
32.3668772425
32.3668781306
32.3668790261
32.3668799288
32.3668808391
32.3668817568
32.3668826821
32.3668836151
32.3668845559
32.3668855045
32.3668864609
32.3668874254
32.3668883979
32.3668893786
32.3668903676
32.3668913649
32.3668923706
32.3668933848
32.3668944076
32.3668954391
32.3668964794
32.3668975286
32.3668985868
32.3668996541
32.3669007306
32.3669018164
32.3669029115
32.3669040162
32.3669051305
32.3669062546
32.3669073885
32.3669085323
32.3669096862
32.3669108503
32.3669120248
32.3669132096
32.3669144051
32.3669156112
32.3669168282
32.3669180561
32.3669192951
32.3669205453
32.3669218069
32.36692308
32.3669243648
32.3669256613
32.3669269698
32.3669282905
32.3669296234
32.3669309687
32.3669323266
32.3669336973
32.3669350808
32.3669364775
32.3669378874
32.3669393108
32.3669407478
32.3669421987
32.3669436635
32.3669451425
32.366946636
32.366948144
32.3669496668
32.3669512046
32.3669527577
32.3669543262
32.3669559103
32.3669575104
32.3669591266
32.3669607591
32.3669624083
32.3669640743
32.3669657574
32.3669674578
32.3669691759
32.3669709119
32.366972666
32.3669744386
32.36697623
32.3669780403
32.36697987
32.3669817194
32.3669835887
32.3669854782
32.3669873884
32.3669893195
32.3669912719
32.3669932459
32.3669952419
32.3669972603
32.3669993014
32.3670013657
32.3670034535
32.3670055652
32.3670077013
32.3670098621
32.3670120482
32.3670142599
32.3670164977
32.3670187622
32.3670210537
32.3670233728
32.3670257199
32.3670280956
32.3670305005
32.3670329351
32.3670353999
32.3670378955
32.3670404226
32.3670429817
32.3670455734
32.3670481984
32.3670508574
32.3670535511
32.3670562801
32.3670590452
32.3670618471
32.3670646865
32.3670675644
32.3670704814
32.3670734384
32.3670764362
32.3670794758
32.367082558
32.3670856839
32.3670888543
32.3670920702
32.3670953328
32.3670986429
32.3671020018
32.3671054106
32.3671088705
32.3671123825
32.3671159481
32.3671195684
32.3671232449
32.3671269788
32.3671307716
32.3671346248
32.3671385399
32.3671425185
32.3671465623
32.3671506728
32.3671548519
32.3671591014
32.3671634232
32.3671678192
32.3671722915
32.3671768422
32.3671814734
32.3671861875
32.3671909869
32.3671958739
32.3672008512
32.3672059214
32.3672110873
32.3672163518
32.367221718
32.3672271889
32.3672327678
32.3672384583
32.3672442638
32.3672501881
32.3672562351
32.3672624089
32.3672687138
32.3672751543
32.3672817351
32.367288461
32.3672953373
32.3673023694
32.367309563
32.367316924
32.3673244588
32.367332174
32.3673400766
32.3673481739
32.3673564738
32.3673649843
32.3673737142
32.3673826726
32.3673918693
32.3674013144
32.3674110188
32.3674209941
32.3674312526
32.3674418073
32.3674526721
32.3674638617
32.367475392
32.3674872796
32.3674995428
32.3675122006
32.3675252738
32.3675387845
32.3675527565
32.3675672153
32.3675821886
32.367597706
32.3676137998
32.3676305048
32.3676478587
32.3676659024
32.3676846807
32.367704242
32.3677246394
32.3677459312
32.3677681811
32.3677914591
32.3678158425
32.3678414166
32.3678682759
32.3678965254
32.3679262819
32.367957676
32.367990854
32.3680259805
32.368063241
32.3681028459
32.3681450342
32.3681900787
32.3682382925
32.3682900362
32.3683457271
32.3684058512
32.3684709771
32.3685417745
32.3686190365
32.3687037091
32.3687969287
32.3689000703
32.3690148107
32.3691432119
32.3692878308
32.3694518652
32.3696393489
32.3698554112
32.3701066196
32.3704014239
32.3707507075
32.3711684121
32.3716721049
32.3722831495
32.3730257881
32.3739240737
32.374995815
32.3762447394
32.3776560453
32.3792018076
32.3808554743
32.3826055292
32.3844608349
32.3864497638
32.3886185742
32.3910314936
32.393771455
32.3969372583
32.4006278019
32.4048968581
32.4096645737
32.4146189278
32.419234862
32.4230095951
32.4257317382
32.4275067854
32.4285860647
32.4292139738
32.429569826
32.4297684781
32.4298784298
32.4299389882
32.429972241
32.4299904586
32.4300004151
32.4300058377
32.4300087735
32.4300103458
32.4300111706
32.4300115856
32.430011776
32.4300118433
32.4300118433
32.4300118063
32.4300117492
32.430011681
32.430011607
32.4300115297
32.4300114507
32.4300113709
32.4300112907
32.4300112103
32.4300111299
32.4300110495
32.4300109693
32.4300108891
32.4300108091
32.4300107293
32.4300106496
32.43001057
32.4300104906
32.4300104113
32.4300103321
32.4300102531
32.4300101742
32.4300100955
32.430010017
32.4300099385
32.4300098602
32.4300097821
32.4300097041
32.4300096262
32.4300095485
32.4300094709
32.4300093934
32.4300093161
32.4300092389
32.4300091619
32.430009085
32.4300090082
32.4300089316
32.4300088551
32.4300087787
32.4300087025
32.4300086264
32.4300085504
32.4300084746
32.4300083989
32.4300083234
32.4300082479
32.4300081726
32.4300080975
32.4300080224
32.4300079475
32.4300078728
32.4300077981
32.4300077236
32.4300076493
32.430007575
32.4300075009
32.4300074269
32.430007353
32.4300072793
32.4300072057
32.4300071322
32.4300070589
32.4300069856
32.4300069125
32.4300068396
32.4300067667
32.430006694
32.4300066214
32.4300065489
32.4300064766
32.4300064043
32.4300063322
32.4300062602
32.4300061884
32.4300061166
32.430006045
32.4300059735
32.4300059022
32.4300058309
32.4300057598
32.4300056888
32.4300056179
32.4300055471
32.4300054764
32.4300054059
32.4300053355
32.4300052652
32.430005195
32.4300051249
32.430005055
32.4300049852
32.4300049154
32.4300048458
32.4300047764
32.430004707
32.4300046377
32.4300045686
32.4300044996
32.4300044307
32.4300043619
32.4300042932
32.4300042246
32.4300041562
32.4300040878
32.4300040196
32.4300039515
32.4300038835
32.4300038156
32.4300037478
32.4300036801
32.4300036125
32.4300035451
32.4300034778
32.4300034105
32.4300033434
32.4300032764
32.4300032095
32.4300031427
32.430003076
32.4300030094
32.4300029429
32.4300028766
32.4300028103
32.4300027441
32.4300026781
32.4300026122
32.4300025463
32.4300024806
32.430002415
32.4300023494
32.430002284
32.4300022187
32.4300021535
32.4300020884
32.4300020234
32.4300019585
32.4300018937
32.430001829
32.4300017644
32.4300016999
32.4300016356
32.4300015713
32.4300015071
32.430001443
32.430001379
32.4300013152
32.4300012514
32.4300011877
32.4300011241
32.4300010607
32.4300009973
32.430000934
32.4300008708
32.4300008077
32.4300007448
32.4300006819
32.4300006191
32.4300005564
32.4300004938
32.4300004313
32.4300003689
32.4300003066
32.4300002444
32.4300001823
32.4300001203
32.4300000583
32.4299999965
32.4299999348
32.4299998732
32.4299998116
32.4299997502
32.4299996888
32.4299996276
32.4299995664
32.4299995053
32.4299994444
32.4299993835
32.4299993227
32.429999262
32.4299992014
32.4299991409
32.4299990804
32.4299990201
32.4299989599
32.4299988997
32.4299988397
32.4299987797
32.4299987198
32.42999866
32.4299986003
32.4299985407
32.4299984812
32.4299984218
32.4299983624
32.4299983032
32.429998244
32.4299981849
32.429998126
32.4299980671
32.4299980082
32.4299979495
32.4299978909
32.4299978323
32.4299977739
32.4299977155
32.4299976572
32.429997599
32.4299975409
32.4299974829
32.4299974249
32.4299973671
32.4299973093
32.4299972516
32.429997194
32.4299971365
32.429997079
32.4299970217
32.4299969644
32.4299969072
32.4299968501
32.4299967931
32.4299967362
32.4299966793
32.4299966225
32.4299965659
32.4299965092
32.4299964527
32.4299963963
32.4299963399
32.4299962836
32.4299962275
32.4299961713
32.4299961153
32.4299960594
32.4299960035
32.4299959477
32.429995892
32.4299958363
32.4299957808
32.4299957253
32.4299956699
32.4299956146
32.4299955594
32.4299955042
32.4299954491
32.4299953941
32.4299953392
32.4299952844
32.4299952296
32.4299951749
32.4299951203
32.4299950658
32.4299950113
32.4299949569
32.4299949026
32.4299948484
32.4299947943
32.4299947402
32.4299946862
32.4299946323
32.4299945784
32.4299945247
32.429994471
32.4299944173
32.4299943638
32.4299943103
32.4299942569
32.4299942036
32.4299941504
32.4299940972
32.4299940441
32.4299939911
32.4299939381
32.4299938853
32.4299938325
32.4299937797
32.4299937271
32.4299936745
32.429993622
32.4299935695
32.4299935172
32.4299934649
32.4299934127
32.4299933605
32.4299933084
32.4299932564
32.4299932045
32.4299931526
32.4299931008
32.4299930491
32.4299929974
32.4299929459
32.4299928943
32.4299928429
32.4299927915
32.4299927402
32.429992689
32.4299926378
32.4299925867
32.4299925357
32.4299924848
32.4299924339
32.4299923831
32.4299923323
32.4299922816
32.429992231
32.4299921805
32.42999213
32.4299920796
32.4299920293
32.429991979
32.4299919288
32.4299918786
32.4299918286
32.4299917786
32.4299917286
32.4299916788
32.4299916289
32.4299915792
32.4299915295
32.4299914799
32.4299914304
32.4299913809
32.4299913315
32.4299912822
32.4299912329
32.4299911837
32.4299911345
32.4299910855
32.4299910364
32.4299909875
32.4299909386
32.4299908898
