36.0109671153
35.7288721337
35.4550122969
35.2945984557
35.2164444227
35.2108771833
35.2130197452
35.2151578243
35.2130963321
35.2036082403
35.2044798533
35.2097084098
35.2128539719
35.2157132131
35.2183054833
35.2206416539
35.2227269087
35.2245701271
35.226185895
35.2275935191
35.2288149408
35.2298726949
35.2307884063
35.2315818922
35.2322707543
35.2328703008
35.2333936604
35.2338519943
35.2342547404
35.2346098588
35.2349240575
35.2352029921
35.2354514379
35.2356734354
35.2358724123
35.2360512844
35.2362125402
35.2363583099
35.2364904231
35.2366104563
35.2367197721
35.2368195523
35.2369108249
35.2369944869
35.2370713233
35.2371420231
35.2372071928
35.2372673674
35.2373230205
35.2373745722
35.2374223961
35.237466825
35.2375081564
35.2375466568
35.237582565
35.2376160959
35.2376474431
35.2376767814
35.2377042687
35.2377300482
35.2377542497
35.2377769913
35.2377983806
35.2378185155
35.2378374856
35.2378553727
35.2378722519
35.2378881919
35.2379032558
35.2379175019
35.2379309835
35.23794375
35.2379558469
35.2379673162
35.2379781968
35.2379885247
35.2379983333
35.2380076537
35.2380165145
35.2380249425
35.2380329626
35.238040598
35.2380478704
35.2380547999
35.2380614053
35.2380677044
35.2380737134
35.238079448
35.2380849224
35.2380901504
35.2380951445
35.2380999168
35.2381044783
35.2381088398
35.2381130111
35.2381170015
35.2381208198
35.2381244744
35.2381279731
35.2381313231
35.2381345316
35.2381376051
35.2381405498
35.2381433716
35.2381460761
35.2381486686
35.238151154
35.2381535371
35.2381558225
35.2381580142
35.2381601165
35.2381621331
35.2381640677
35.2381659238
35.2381677046
35.2381694134
35.238171053
35.2381726263
35.2381741361
35.2381755849
35.2381769751
35.2381783092
35.2381795893
35.2381808176
35.2381819962
35.2381831268
35.2381842116
35.2381852521
35.2381862501
35.2381872072
35.238188125
35.2381890049
35.2381898484
35.2381906569
35.2381914315
35.2381921737
35.2381928845
35.2381935652
35.2381942168
35.2381948403
35.2381954369
35.2381960074
35.2381965527
35.2381970739
35.2381975717
35.2381980469
35.2381985004
35.238198933
35.2381993452
35.2381997379
35.2382001117
35.2382004673
35.2382008053
35.2382011263
35.2382014309
35.2382017195
35.2382019929
35.2382022515
35.2382024957
35.2382027261
35.2382029431
35.2382031473
35.2382033389
35.2382035184
35.2382036862
35.2382038428
35.2382039884
35.2382041234
35.2382042482
35.2382043632
35.2382044685
35.2382045647
35.2382046518
35.2382047303
35.2382048004
35.2382048624
35.2382049165
35.2382049631
35.2382050023
35.2382050343
35.2382050595
35.238205078
35.2382050901
35.2382050959
35.2382050956
35.2382050896
35.2382050778
35.2382050605
35.238205038
35.2382050103
35.2382049776
35.2382049401
35.2382048979
35.2382048513
35.2382048002
35.2382047449
35.2382046856
35.2382046222
35.2382045551
35.2382044842
35.2382044097
35.2382043317
35.2382042504
35.2382041658
35.2382040781
35.2382039873
35.2382038936
35.238203797
35.2382036977
35.2382035957
35.2382034911
35.238203384
35.2382032745
35.2382031627
35.2382030486
35.2382029323
35.2382028139
35.2382026935
35.2382025711
35.2382024469
35.2382023208
35.2382021929
35.2382020633
35.2382019321
35.2382017992
35.2382016649
35.238201529
35.2382013918
35.2382012531
35.2382011131
35.2382009719
35.2382008294
35.2382006857
35.2382005409
35.238200395
35.2382002481
35.2382001001
35.2381999512
35.2381998013
35.2381996505
35.2381994989
35.2381993464
35.2381991931
35.2381990391
35.2381988844
35.238198729
35.2381985729
35.2381984161
35.2381982588
35.2381981009
35.2381979424
35.2381977834
35.238197624
35.238197464
35.2381973036
35.2381971428
35.2381969816
35.23819682
35.2381966581
35.2381964958
35.2381963332
35.2381961703
35.2381960072
35.2381958437
35.2381956801
35.2381955162
35.2381953522
35.2381951879
35.2381950235
35.238194859
35.2381946943
35.2381945294
35.2381943645
35.2381941995
35.2381940344
35.2381938693
35.2381937041
35.2381935388
35.2381933736
35.2381932083
35.238193043
35.2381928778
35.2381927125
35.2381925473
35.2381923822
35.2381922171
35.238192052
35.238191887
35.2381917221
35.2381915574
35.2381913927
35.2381912281
35.2381910636
35.2381908992
35.238190735
35.238190571
35.238190407
35.2381902433
35.2381900797
35.2381899162
35.238189753
35.2381895899
35.238189427
35.2381892643
35.2381891018
35.2381889395
35.2381887774
35.2381886156
35.2381884539
35.2381882925
35.2381881313
35.2381879704
35.2381878097
35.2381876492
35.238187489
35.238187329
35.2381871693
35.2381870099
35.2381868507
35.2381866918
35.2381865332
35.2381863748
35.2381862167
35.2381860589
35.2381859014
35.2381857442
35.2381855872
35.2381854306
35.2381852742
35.2381851182
35.2381849624
35.238184807
35.2381846518
35.238184497
35.2381843425
35.2381841883
35.2381840344
35.2381838808
35.2381837275
35.2381835746
35.2381834219
35.2381832696
35.2381831176
35.238182966
35.2381828146
35.2381826636
35.2381825129
35.2381823626
35.2381822126
35.2381820629
35.2381819135
35.2381817645
35.2381816158
35.2381814675
35.2381813195
35.2381811718
35.2381810245
35.2381808775
35.2381807308
35.2381805845
35.2381804385
35.2381802929
35.2381801476
35.2381800026
35.238179858
35.2381797138
35.2381795698
35.2381794262
35.238179283
35.2381791401
35.2381789975
35.2381788553
35.2381787135
35.2381785719
35.2381784308
35.2381782899
35.2381781494
35.2381780093
35.2381778695
35.23817773
35.2381775909
35.2381774521
35.2381773137
35.2381771756
35.2381770378
35.2381769004
35.2381767633
35.2381766266
35.2381764902
35.2381763542
35.2381762185
35.2381760831
35.2381759481
35.2381758134
35.238175679
35.238175545
35.2381754114
35.238175278
35.238175145
35.2381750124
35.23817488
35.2381747481
35.2381746164
35.2381744851
35.2381743541
35.2381742234
35.2381740931
35.2381739631
35.2381738334
35.2381737041
35.2381735751
35.2381734464
35.2381733181
35.2381731901
35.2381730624
35.238172935
35.238172808
35.2381726813
35.2381725549
35.2381724288
35.2381723031
35.2381721777
35.2381720526
35.2381719278
35.2381718033
35.2381716792
35.2381715553
35.2381714318
35.2381713086
35.2381711858
35.2381710632
35.238170941
35.238170819
35.2381706974
35.2381705761
35.2381704551
35.2381703344
35.238170214
35.238170094
35.2381699742
35.2381698547
35.2381697356
35.2381696167
35.2381694982
35.2381693799
35.238169262
35.2381691444
35.238169027
35.23816891
35.2381687932
35.2381686768
35.2381685607
35.2381684448
35.2381683293
35.238168214
35.238168099
35.2381679844
35.23816787
35.2381677559
35.2381676421
35.2381675286
35.2381674153
35.2381673024
35.2381671897
35.2381670774
35.2381669653
35.2381668535
35.238166742
35.2381666307
35.2381665198
35.2381664091
35.2381662987
35.2381661886
35.2381660787
35.2381659692
35.2381658599
35.2381657509
35.2381656421
35.2381655336
35.2381654254
35.2381653175
35.2381652099
35.2381651025
35.2381649954
35.2381648885
35.2381647819
35.2381646756
35.2381645695
35.2381644637
35.2381643582
35.2381642529
35.2381641479
35.2381640432
35.2381639387
35.2381638345
35.2381637305
35.2381636268
35.2381635233
35.2381634201
35.2381633172
35.2381632145
35.238163112
35.2381630098
35.2381629079
35.2381628062
35.2381627048
35.2381626036
35.2381625026
35.2381624019
35.2381623014
35.2381622012
35.2381621013
35.2381620015
35.2381619021
35.2381618028
35.2381617038
35.238161605
35.2381615065
35.2381614082
35.2381613102
35.2381612124
35.2381611148
35.2381610174
35.2381609203
35.2381608235
35.2381607268
35.2381606304
35.2381605342
35.2381604383
35.2381603425
35.238160247
35.2381601518
35.2381600567
35.2381599619
35.2381598673
35.2381597729
35.2381596788
35.2381595849
35.2381594912
35.2381593977
35.2381593044
35.2381592114
35.2381591185
35.2381590259
35.2381589335
35.2381588414
35.2381587494
35.2381586577
35.2381585661
35.2381584748
35.2381583837
35.2381582928
35.2381582021
35.2381581117
35.2381580214
35.2381579313
35.2381578415
35.2381577518
35.2381576624
35.2381575732
35.2381574842
35.2381573953
35.2381573067
35.2381572183
35.2381571301
35.2381570421
35.2381569543
35.2381568666
35.2381567792
35.238156692
35.238156605
35.2381565182
35.2381564315
35.2381563451
35.2381562589
35.2381561728
35.238156087
35.2381560013
35.2381559159
35.2381558306
35.2381557455
35.2381556606
35.2381555759
35.2381554914
35.2381554071
35.2381553229
35.238155239
35.2381551552
35.2381550716
35.2381549882
35.238154905
35.238154822
35.2381547391
35.2381546565
35.238154574
35.2381544917
35.2381544096
35.2381543276
35.2381542458
35.2381541642
35.2381540828
35.2381540016
35.2381539205
35.2381538396
35.2381537589
35.2381536784
35.238153598
35.2381535178
35.2381534378
35.238153358
35.2381532783
35.2381531988
35.2381531195
35.2381530403
35.2381529613
35.2381528825
35.2381528038
35.2381527253
35.238152647
35.2381525688
35.2381524908
35.238152413
35.2381523353
35.2381522578
35.2381521804
35.2381521032
35.2381520262
35.2381519494
35.2381518726
35.2381517961
35.2381517197
35.2381516435
35.2381515674
35.2381514915
35.2381514158
35.2381513402
35.2381512647
35.2381511894
35.2381511143
35.2381510393
35.2381509645
35.2381508898
35.2381508153
35.2381507409
35.2381506667
35.2381505926
35.2381505187
35.238150445
35.2381503713
35.2381502979
35.2381502245
35.2381501514
35.2381500783
35.2381500055
35.2381499327
35.2381498601
35.2381497877
35.2381497154
35.2381496432
35.2381495712
35.2381494993
35.2381494276
35.238149356
35.2381492846
35.2381492133
35.2381491421
35.2381490711
35.2381490002
35.2381489294
35.2381488588
35.2381487884
35.238148718
35.2381486478
35.2381485778
35.2381485078
35.238148438
35.2381483684
35.2381482989
35.2381482295
35.2381481602
35.2381480911
35.2381480221
35.2381479533
35.2381478845
35.2381478159
35.2381477475
35.2381476791
35.2381476109
35.2381475429
35.2381474749
35.2381474071
35.2381473394
35.2381472718
35.2381472044
35.2381471371
35.2381470699
35.2381470029
35.2381469359
35.2381468691
35.2381468024
35.2381467359
35.2381466694
35.2381466031
35.2381465369
35.2381464708
35.2381464049
35.2381463391
35.2381462734
35.2381462078
35.2381461423
35.238146077
35.2381460117
35.2381459466
35.2381458816
35.2381458168
35.238145752
35.2381456874
35.2381456228
35.2381455584
35.2381454941
35.23814543
35.2381453659
35.2381453019
35.2381452381
35.2381451744
35.2381451108
35.2381450473
35.2381449839
35.2381449206
35.2381448575
35.2381447944
35.2381447315
35.2381446687
35.238144606
35.2381445434
35.2381444809
35.2381444185
35.2381443562
35.238144294
35.238144232
35.23814417
35.2381441082
35.2381440464
35.2381439848
35.2381439232
35.2381438618
35.2381438005
35.2381437393
35.2381436782
35.2381436172
35.2381435563
35.2381434955
35.2381434348
35.2381433742
35.2381433137
35.2381432533
35.238143193
35.2381431328
35.2381430727
35.2381430127
35.2381429528
35.2381428931
35.2381428334
35.2381427738
35.2381427143
35.2381426549
35.2381425956
35.2381425364
35.2381424773
35.2381424183
35.2381423594
35.2381423006
35.2381422419
35.2381421832
35.2381421247
35.2381420663
35.2381420079
35.2381419497
35.2381418916
35.2381418335
35.2381417755
35.2381417177
35.2381416599
35.2381416022
35.2381415446
35.2381414871
35.2381414297
35.2381413724
35.2381413152
35.238141258
35.238141201
35.238141144
35.2381410871
35.2381410304
35.2381409737
35.2381409171
35.2381408605
35.2381408041
35.2381407478
35.2381406915
35.2381406354
35.2381405793
35.2381405233
35.2381404674
35.2381404115
35.2381403558
35.2381403002
35.2381402446
35.2381401891
35.2381401337
35.2381400784
35.2381400231
35.238139968
35.2381399129
35.2381398579
35.238139803
35.2381397482
35.2381396935
35.2381396388
35.2381395842
35.2381395297
35.2381394753
35.238139421
35.2381393667
35.2381393125
35.2381392584
35.2381392044
35.2381391505
35.2381390966
35.2381390428
35.2381389891
35.2381389355
35.238138882
35.2381388285
35.2381387751
35.2381387218
35.2381386685
35.2381386153
35.2381385622
35.2381385092
35.2381384563
35.2381384034
35.2381383506
35.2381382979
35.2381382453
35.2381381927
35.2381381402
35.2381380878
35.2381380354
35.2381379831
35.2381379309
35.2381378788
35.2381378267
35.2381377747
35.2381377228
35.2381376709
35.2381376192
35.2381375675
35.2381375158
35.2381374642
35.2381374127
35.2381373613
35.23813731
35.2381372587
35.2381372074
35.2381371563
35.2381371052
35.2381370542
35.2381370032
35.2381369523
35.2381369015
35.2381368508
35.2381368001
35.2381367495
35.2381366989
35.2381366484
35.238136598
35.2381365477
35.2381364974
35.2381364472
35.238136397
35.2381363469
35.2381362969
35.2381362469
35.238136197
35.2381361472
35.2381360974
35.2381360477
35.238135998
35.2381359485
35.2381358989
35.2381358495
35.2381358001
35.2381357507
35.2381357015
35.2381356522
35.2381356031
35.238135554
35.238135505
35.238135456
35.2381354071
35.2381353582
35.2381353094
35.2381352607
35.238135212
35.2381351634
35.2381351148
35.2381350663
35.2381350179
35.2381349695
35.2381349212
35.2381348729
35.2381348247
35.2381347765
35.2381347284
35.2381346804
35.2381346324
35.2381345845
35.2381345366
35.2381344888
35.238134441
35.2381343933
35.2381343457
35.2381342981
35.2381342506
35.2381342031
35.2381341556
35.2381341083
35.2381340609
35.2381340137
35.2381339664
35.2381339193
35.2381338722
35.2381338251
35.2381337781
35.2381337311
35.2381336842
35.2381336374
35.2381335906
35.2381335438
35.2381334971
35.2381334505
35.2381334039
35.2381333574
35.2381333109
35.2381332644
35.238133218
35.2381331717
35.2381331254
35.2381330791
35.238133033
35.2381329868
35.2381329407
35.2381328947
35.2381328487
35.2381328027
35.2381327568
35.2381327109
35.2381326651
35.2381326194
35.2381325737
35.238132528
35.2381324824
35.2381324368
35.2381323913
35.2381323458
35.2381323003
35.238132255
35.2381322096
35.2381321643
35.2381321191
35.2381320738
35.2381320287
35.2381319836
35.2381319385
35.2381318935
35.2381318485
35.2381318035
35.2381317586
35.2381317138
35.238131669
35.2381316242
35.2381315795
35.2381315348
35.2381314901
35.2381314455
35.238131401
35.2381313565
35.238131312
35.2381312675
35.2381312232
35.2381311788
35.2381311345
35.2381310902
35.238131046
35.2381310018
35.2381309577
35.2381309136
35.2381308695
35.2381308255
