29.4663755707
28.2026696571
28.0184897849
28.0302871673
28.0323264729
28.0336645972
28.0343153232
28.0346179256
28.0347548495
28.0348163508
28.0348440246
28.0348565589
28.0348622889
28.0348649374
28.0348661769
28.0348667648
28.0348670475
28.0348671854
28.0348672536
28.0348672878
28.0348673052
28.0348673141
28.0348673187
28.0348673211
28.0348673223
28.0348673229
28.0348673233
28.0348673234
28.0348673235
28.0348673235
28.0348673234
28.0348673234
28.0348673234
28.0348673233
28.0348673233
28.0348673232
28.0348673232
28.0348673231
28.0348673231
28.034867323
28.034867323
28.0348673229
28.0348673229
28.0348673228
28.0348673228
28.0348673227
28.0348673227
28.0348673226
28.0348673226
28.0348673225
28.0348673225
28.0348673225
28.0348673224
28.0348673224
28.0348673223
28.0348673223
28.0348673222
28.0348673222
28.0348673221
28.0348673221
28.034867322
28.034867322
28.0348673219
28.0348673219
28.0348673218
28.0348673218
28.0348673217
28.0348673217
28.0348673216
28.0348673216
28.0348673215
28.0348673215
28.0348673214
28.0348673214
28.0348673213
28.0348673213
28.0348673212
28.0348673212
28.0348673211
28.0348673211
28.034867321
28.034867321
28.0348673209
28.0348673209
28.0348673208
28.0348673208
28.0348673207
28.0348673207
28.0348673206
28.0348673206
28.0348673205
28.0348673205
28.0348673204
28.0348673204
28.0348673203
28.0348673203
28.0348673202
28.0348673202
28.0348673201
28.0348673201
28.03486732
28.03486732
28.0348673199
28.0348673199
28.0348673198
28.0348673198
28.0348673197
28.0348673197
28.0348673196
28.0348673196
28.0348673195
28.0348673195
28.0348673194
28.0348673194
28.0348673193
28.0348673193
28.0348673192
28.0348673192
28.0348673191
28.0348673191
28.034867319
28.034867319
28.034867319
28.0348673189
28.0348673189
28.0348673188
28.0348673188
28.0348673187
28.0348673187
28.0348673186
28.0348673186
28.0348673185
28.0348673185
28.0348673184
28.0348673184
28.0348673183
28.0348673183
28.0348673182
28.0348673182
28.0348673181
28.0348673181
28.034867318
28.034867318
28.0348673179
28.0348673179
28.0348673178
28.0348673178
28.0348673177
28.0348673177
28.0348673176
28.0348673176
28.0348673175
28.0348673175
28.0348673174
28.0348673174
28.0348673173
28.0348673173
28.0348673172
28.0348673172
28.0348673171
28.0348673171
28.034867317
28.034867317
28.0348673169
28.0348673169
28.0348673168
28.0348673168
28.0348673167
28.0348673167
28.0348673166
28.0348673166
28.0348673165
28.0348673165
28.0348673164
28.0348673164
28.0348673163
28.0348673163
28.0348673162
28.0348673162
28.0348673161
28.0348673161
28.034867316
28.034867316
28.0348673159
28.0348673159
28.0348673158
28.0348673158
28.0348673157
28.0348673157
28.0348673156
28.0348673156
28.0348673155
28.0348673155
28.0348673155
28.0348673154
28.0348673154
28.0348673153
28.0348673153
28.0348673152
28.0348673152
28.0348673151
28.0348673151
28.034867315
28.034867315
28.0348673149
28.0348673149
28.0348673148
28.0348673148
28.0348673147
28.0348673147
28.0348673146
28.0348673146
28.0348673145
28.0348673145
28.0348673144
28.0348673144
28.0348673143
28.0348673143
28.0348673142
28.0348673142
28.0348673141
28.0348673141
28.034867314
28.034867314
28.0348673139
28.0348673139
28.0348673138
28.0348673138
28.0348673137
28.0348673137
28.0348673136
28.0348673136
28.0348673135
28.0348673135
28.0348673134
28.0348673134
28.0348673133
28.0348673133
28.0348673132
28.0348673132
28.0348673131
28.0348673131
28.034867313
28.034867313
28.0348673129
28.0348673129
28.0348673128
28.0348673128
28.0348673127
28.0348673127
28.0348673126
28.0348673126
28.0348673125
28.0348673125
28.0348673124
28.0348673124
28.0348673123
28.0348673123
28.0348673122
28.0348673122
28.0348673121
28.0348673121
28.034867312
28.034867312
28.0348673119
28.0348673119
28.0348673119
28.0348673118
28.0348673118
28.0348673117
28.0348673117
28.0348673116
28.0348673116
28.0348673115
28.0348673115
28.0348673114
28.0348673114
28.0348673113
28.0348673113
28.0348673112
28.0348673112
28.0348673111
28.0348673111
28.034867311
28.034867311
28.0348673109
28.0348673109
28.0348673108
28.0348673108
28.0348673107
28.0348673107
28.0348673106
28.0348673106
28.0348673105
28.0348673105
28.0348673104
28.0348673104
28.0348673103
28.0348673103
28.0348673102
28.0348673102
28.0348673101
28.0348673101
28.03486731
28.03486731
28.0348673099
28.0348673099
28.0348673098
28.0348673098
28.0348673097
28.0348673097
28.0348673096
28.0348673096
28.0348673095
28.0348673095
28.0348673094
28.0348673094
28.0348673093
28.0348673093
28.0348673092
28.0348673092
28.0348673091
28.0348673091
28.034867309
28.034867309
28.0348673089
28.0348673089
28.0348673088
28.0348673088
28.0348673087
28.0348673087
28.0348673086
28.0348673086
28.0348673085
28.0348673085
28.0348673084
28.0348673084
28.0348673083
28.0348673083
28.0348673082
28.0348673082
28.0348673082
28.0348673081
28.0348673081
28.034867308
28.034867308
28.0348673079
28.0348673079
28.0348673078
28.0348673078
28.0348673077
28.0348673077
28.0348673076
28.0348673076
28.0348673075
28.0348673075
28.0348673074
28.0348673074
28.0348673073
28.0348673073
28.0348673072
28.0348673072
28.0348673071
28.0348673071
28.034867307
28.034867307
28.0348673069
28.0348673069
28.0348673068
28.0348673068
28.0348673067
28.0348673067
28.0348673066
28.0348673066
28.0348673065
28.0348673065
28.0348673064
28.0348673064
28.0348673063
28.0348673063
28.0348673062
28.0348673062
28.0348673061
28.0348673061
28.034867306
28.034867306
28.0348673059
28.0348673059
28.0348673058
28.0348673058
28.0348673057
28.0348673057
28.0348673056
28.0348673056
28.0348673055
28.0348673055
28.0348673054
28.0348673054
28.0348673053
28.0348673053
28.0348673052
28.0348673052
28.0348673051
28.0348673051
28.034867305
28.034867305
28.0348673049
28.0348673049
28.0348673048
28.0348673048
28.0348673047
28.0348673047
28.0348673046
28.0348673046
28.0348673045
28.0348673045
28.0348673044
28.0348673044
28.0348673044
28.0348673043
28.0348673043
28.0348673042
28.0348673042
28.0348673041
28.0348673041
28.034867304
28.034867304
28.0348673039
28.0348673039
28.0348673038
28.0348673038
28.0348673037
28.0348673037
28.0348673036
28.0348673036
28.0348673035
28.0348673035
28.0348673034
28.0348673034
28.0348673033
28.0348673033
28.0348673032
28.0348673032
28.0348673031
28.0348673031
28.034867303
28.034867303
28.0348673029
28.0348673029
28.0348673028
28.0348673028
28.0348673027
28.0348673027
28.0348673026
28.0348673026
28.0348673025
28.0348673025
28.0348673024
28.0348673024
28.0348673023
28.0348673023
28.0348673022
28.0348673022
28.0348673021
28.0348673021
28.034867302
28.034867302
28.0348673019
28.0348673019
28.0348673018
28.0348673018
28.0348673017
28.0348673017
28.0348673016
28.0348673016
28.0348673015
28.0348673015
28.0348673014
28.0348673014
28.0348673013
28.0348673013
28.0348673012
28.0348673012
28.0348673011
28.0348673011
28.034867301
28.034867301
28.0348673009
28.0348673009
28.0348673008
28.0348673008
28.0348673007
28.0348673007
28.0348673006
28.0348673006
28.0348673005
28.0348673005
28.0348673005
28.0348673004
28.0348673004
28.0348673003
28.0348673003
28.0348673002
28.0348673002
28.0348673001
28.0348673001
28.0348673
28.0348673
28.0348672999
28.0348672999
28.0348672998
28.0348672998
28.0348672997
28.0348672997
28.0348672996
28.0348672996
28.0348672995
28.0348672995
28.0348672994
28.0348672994
28.0348672993
28.0348672993
28.0348672992
28.0348672992
28.0348672991
28.0348672991
28.034867299
28.034867299
28.0348672989
28.0348672989
28.0348672988
28.0348672988
28.0348672987
28.0348672987
28.0348672986
28.0348672986
28.0348672985
28.0348672985
28.0348672984
28.0348672984
28.0348672983
28.0348672983
28.0348672982
28.0348672982
28.0348672981
28.0348672981
28.034867298
28.034867298
28.0348672979
28.0348672979
28.0348672978
28.0348672978
28.0348672977
28.0348672977
28.0348672976
28.0348672976
28.0348672975
28.0348672975
28.0348672974
28.0348672974
28.0348672973
28.0348672973
28.0348672972
28.0348672972
28.0348672971
28.0348672971
28.034867297
28.034867297
28.0348672969
28.0348672969
28.0348672968
28.0348672968
28.0348672967
28.0348672967
28.0348672966
28.0348672966
28.0348672965
28.0348672965
28.0348672965
28.0348672964
28.0348672964
28.0348672963
28.0348672963
28.0348672962
28.0348672962
28.0348672961
28.0348672961
28.034867296
28.034867296
28.0348672959
28.0348672959
28.0348672958
28.0348672958
28.0348672957
28.0348672957
28.0348672956
28.0348672956
28.0348672955
28.0348672955
28.0348672954
28.0348672954
28.0348672953
28.0348672953
28.0348672952
28.0348672952
28.0348672951
28.0348672951
28.034867295
28.034867295
28.0348672949
28.0348672949
28.0348672948
28.0348672948
28.0348672947
28.0348672947
28.0348672946
28.0348672946
28.0348672945
28.0348672945
28.0348672944
28.0348672944
28.0348672943
28.0348672943
28.0348672942
28.0348672942
28.0348672941
28.0348672941
28.034867294
28.034867294
28.0348672939
28.0348672939
28.0348672938
28.0348672938
28.0348672937
28.0348672937
28.0348672936
28.0348672936
28.0348672935
28.0348672935
28.0348672934
28.0348672934
28.0348672933
28.0348672933
28.0348672932
28.0348672932
28.0348672931
28.0348672931
28.034867293
28.034867293
28.0348672929
28.0348672929
28.0348672928
28.0348672928
28.0348672927
28.0348672927
28.0348672926
28.0348672926
28.0348672925
28.0348672925
28.0348672924
28.0348672924
28.0348672924
28.0348672923
28.0348672923
28.0348672922
28.0348672922
28.0348672921
28.0348672921
28.034867292
28.034867292
28.0348672919
28.0348672919
28.0348672918
28.0348672918
28.0348672917
28.0348672917
28.0348672916
28.0348672916
28.0348672915
28.0348672915
28.0348672914
28.0348672914
28.0348672913
28.0348672913
28.0348672912
28.0348672912
28.0348672911
28.0348672911
28.034867291
28.034867291
28.0348672909
28.0348672909
28.0348672908
28.0348672908
28.0348672907
28.0348672907
28.0348672906
28.0348672906
28.0348672905
28.0348672905
28.0348672904
28.0348672904
28.0348672903
28.0348672903
28.0348672902
28.0348672902
28.0348672901
28.0348672901
28.03486729
28.03486729
28.0348672899
28.0348672899
28.0348672898
28.0348672898
28.0348672897
28.0348672897
28.0348672896
28.0348672896
28.0348672895
28.0348672895
28.0348672894
28.0348672894
28.0348672893
28.0348672893
28.0348672892
28.0348672892
28.0348672891
28.0348672891
28.034867289
28.034867289
28.0348672889
28.0348672889
28.0348672888
28.0348672888
28.0348672887
28.0348672887
28.0348672886
28.0348672886
28.0348672885
28.0348672885
28.0348672884
28.0348672884
28.0348672883
28.0348672883
28.0348672882
28.0348672882
28.0348672882
28.0348672881
28.0348672881
28.034867288
28.034867288
28.0348672879
28.0348672879
28.0348672878
28.0348672878
28.0348672877
28.0348672877
28.0348672876
28.0348672876
28.0348672875
28.0348672875
28.0348672874
28.0348672874
28.0348672873
28.0348672873
28.0348672872
28.0348672872
28.0348672871
28.0348672871
28.034867287
28.034867287
28.0348672869
28.0348672869
28.0348672868
28.0348672868
28.0348672867
28.0348672867
28.0348672866
28.0348672866
28.0348672865
28.0348672865
28.0348672864
28.0348672864
28.0348672863
28.0348672863
28.0348672862
28.0348672862
28.0348672861
28.0348672861
28.034867286
28.034867286
28.0348672859
28.0348672859
28.0348672858
28.0348672858
28.0348672857
28.0348672857
28.0348672856
28.0348672856
28.0348672855
28.0348672855
28.0348672854
28.0348672854
28.0348672853
28.0348672853
28.0348672852
28.0348672852
28.0348672851
28.0348672851
28.034867285
28.034867285
28.0348672849
28.0348672849
28.0348672848
28.0348672848
28.0348672847
28.0348672847
28.0348672846
28.0348672846
28.0348672845
28.0348672845
28.0348672844
28.0348672844
28.0348672843
28.0348672843
28.0348672842
28.0348672842
28.0348672841
28.0348672841
28.034867284
28.034867284
28.0348672839
28.0348672839
28.0348672839
28.0348672838
28.0348672838
28.0348672837
28.0348672837
28.0348672836
28.0348672836
28.0348672835
28.0348672835
28.0348672834
28.0348672834
28.0348672833
28.0348672833
28.0348672832
28.0348672832
28.0348672831
28.0348672831
28.034867283
28.034867283
28.0348672829
28.0348672829
28.0348672828
28.0348672828
28.0348672827
28.0348672827
28.0348672826
28.0348672826
28.0348672825
28.0348672825
28.0348672824
28.0348672824
28.0348672823
28.0348672823
28.0348672822
28.0348672822
28.0348672821
28.0348672821
28.034867282
28.034867282
28.0348672819
28.0348672819
28.0348672818
28.0348672818
28.0348672817
28.0348672817
28.0348672816
28.0348672816
28.0348672815
28.0348672815
28.0348672814
28.0348672814
28.0348672813
28.0348672813
28.0348672812
28.0348672812
28.0348672811
28.0348672811
28.034867281
28.034867281
28.0348672809
28.0348672809
28.0348672808
28.0348672808
28.0348672807
28.0348672807
28.0348672806
28.0348672806
28.0348672805
28.0348672805
28.0348672804
28.0348672804
28.0348672803
28.0348672803
28.0348672802
28.0348672802
28.0348672801
28.0348672801
28.03486728
28.03486728
28.0348672799
28.0348672799
28.0348672798
28.0348672798
28.0348672797
28.0348672797
28.0348672796
28.0348672796
28.0348672795
28.0348672795
28.0348672794
28.0348672794
28.0348672794
28.0348672793
28.0348672793
28.0348672792
28.0348672792
28.0348672791
28.0348672791
28.034867279
28.034867279
28.0348672789
28.0348672789
28.0348672788
28.0348672788
28.0348672787
28.0348672787
28.0348672786
28.0348672786
28.0348672785
28.0348672785
28.0348672784
28.0348672784
28.0348672783
28.0348672783
28.0348672782
28.0348672782
28.0348672781
28.0348672781
28.034867278
28.034867278
28.0348672779
28.0348672779
28.0348672778
28.0348672778
28.0348672777
28.0348672777
28.0348672776
28.0348672776
28.0348672775
28.0348672775
28.0348672774
28.0348672774
28.0348672773
28.0348672773
28.0348672772
28.0348672772
28.0348672771
28.0348672771
28.034867277
28.034867277
28.0348672769
28.0348672769
28.0348672768
28.0348672768
28.0348672767
28.0348672767
28.0348672766
28.0348672766
28.0348672765
28.0348672765
28.0348672764
28.0348672764
28.0348672763
28.0348672763
28.0348672762
28.0348672762
28.0348672761
28.0348672761
28.034867276
28.034867276
28.0348672759
28.0348672759
28.0348672758
28.0348672758
28.0348672757
28.0348672757
28.0348672756
