21.4861794312
21.4897431269
21.4922163432
21.4947722475
21.4961968523
21.4968448545
21.4971688902
21.4973375738
21.4974205417
21.4974512613
21.4974474378
21.497418865
21.4973708938
21.4973060687
21.4972248492
21.4971257468
21.497004928
21.4968550772
21.4966628922
21.4964036618
21.4960293171
21.4954437629
21.4944774094
21.4930300123
21.4915307425
21.4903658889
21.4892848208
21.4880449909
21.4864978755
21.48473574
21.4831752633
21.4820960027
21.4814011588
21.4809454797
21.4806429675
21.480442098
21.4803093536
21.4802221123
21.4801650434
21.4801278418
21.4801036502
21.4800879442
21.4800777581
21.4800711561
21.4800668787
21.480064108
21.4800623133
21.480061151
21.480060398
21.4800599103
21.4800595944
21.4800593897
21.480059257
21.4800591711
21.4800591153
21.4800590792
21.4800590558
21.4800590407
21.4800590308
21.4800590244
21.4800590203
21.4800590176
21.4800590159
21.4800590147
21.480059014
21.4800590135
21.4800590132
21.480059013
21.4800590129
21.4800590128
21.4800590128
21.4800590127
21.4800590127
21.4800590127
21.4800590127
21.4800590127
21.4800590127
21.4800590127
21.4800590127
21.4800590127
21.4800590127
21.4800590127
21.4800590127
21.4800590127
21.4800590127
21.4800590127
21.4800590127
21.4800590127
21.4800590127
21.4800590127
21.4800590127
21.4800590127
21.4800590127
21.4800590127
21.4800590127
21.4800590127
21.4800590127
21.4800590127
21.4800590127
21.4800590127
21.4800590127
21.4800590127
21.4800590127
21.4800590127
21.4800590127
21.4800590127
21.4800590127
21.4800590127
21.4800590127
21.4800590127
21.4800590127
21.4800590127
21.4800590127
21.4800590127
21.4800590127
21.4800590127
21.4800590127
21.4800590127
21.4800590127
21.4800590127
21.4800590127
21.4800590127
21.4800590127
21.4800590127
21.4800590127
21.4800590127
21.4800590127
21.4800590127
21.4800590127
21.4800590127
21.4800590127
21.4800590127
21.4800590127
21.4800590127
21.4800590127
21.4800590127
21.4800590127
21.4800590127
21.4800590127
21.4800590127
21.4800590127
21.4800590127
21.4800590127
21.4800590127
21.4800590127
21.4800590127
21.4800590127
21.4800590127
21.4800590127
21.4800590127
21.4800590127
21.4800590127
21.4800590127
21.4800590127
21.4800590127
21.4800590127
21.4800590127
21.4800590127
21.4800590127
21.4800590127
21.4800590127
21.4800590127
21.4800590127
21.4800590127
21.4800590127
21.4800590127
21.4800590127
21.4800590127
21.4800590127
21.4800590127
21.4800590127
21.4800590127
21.4800590127
21.4800590127
21.4800590127
21.4800590127
21.4800590127
21.4800590127
21.4800590127
21.4800590127
21.4800590127
21.4800590127
21.4800590127
21.4800590127
21.4800590127
21.4800590127
21.4800590127
21.4800590127
21.4800590127
21.4800590127
21.4800590127
21.4800590127
21.4800590127
21.4800590127
21.4800590127
21.4800590127
21.4800590127
21.4800590127
21.4800590127
21.4800590127
21.4800590127
21.4800590127
21.4800590127
21.4800590127
21.4800590127
21.4800590127
21.4800590127
21.4800590127
21.4800590127
21.4800590127
21.4800590127
21.4800590127
21.4800590127
21.4800590127
21.4800590127
21.4800590127
21.4800590127
21.4800590127
21.4800590127
21.4800590127
21.4800590127
21.4800590127
21.4800590127
21.4800590127
21.4800590127
21.4800590127
21.4800590127
21.4800590127
21.4800590127
21.4800590127
21.4800590127
21.4800590127
21.4800590127
21.4800590127
21.4800590127
21.4800590127
21.4800590127
21.4800590127
21.4800590127
21.4800590127
21.4800590127
21.4800590127
21.4800590127
21.4800590127
21.4800590127
21.4800590127
21.4800590127
21.4800590127
21.4800590127
21.4800590127
21.4800590127
21.4800590127
21.4800590127
21.4800590127
21.4800590127
21.4800590127
21.4800590127
21.4800590127
21.4800590127
21.4800590127
21.4800590127
21.4800590127
21.4800590127
21.4800590127
21.4800590127
21.4800590127
21.4800590127
21.4800590127
21.4800590127
21.4800590127
21.4800590127
21.4800590127
21.4800590127
21.4800590127
21.4800590127
21.4800590127
21.4800590127
21.4800590127
21.4800590127
21.4800590127
21.4800590127
21.4800590127
21.4800590127
21.4800590127
21.4800590127
21.4800590127
21.4800590127
21.4800590127
21.4800590127
21.4800590127
21.4800590127
21.4800590127
21.4800590127
21.4800590127
21.4800590127
21.4800590127
21.4800590127
21.4800590127
21.4800590127
21.4800590127
21.4800590127
21.4800590127
21.4800590127
21.4800590127
21.4800590127
21.4800590127
21.4800590127
21.4800590127
21.4800590127
21.4800590127
21.4800590127
21.4800590127
21.4800590127
21.4800590127
21.4800590127
21.4800590127
21.4800590127
21.4800590127
21.4800590127
21.4800590127
21.4800590127
21.4800590127
21.4800590127
21.4800590127
21.4800590127
21.4800590127
21.4800590127
21.4800590127
21.4800590127
21.4800590127
21.4800590127
21.4800590127
21.4800590127
21.4800590127
21.4800590127
21.4800590127
21.4800590127
21.4800590127
21.4800590127
21.4800590127
21.4800590127
21.4800590127
21.4800590127
21.4800590127
21.4800590127
21.4800590127
21.4800590127
21.4800590127
21.4800590127
21.4800590127
21.4800590127
21.4800590127
21.4800590127
21.4800590127
21.4800590127
21.4800590127
21.4800590127
21.4800590127
21.4800590127
21.4800590127
21.4800590127
21.4800590127
21.4800590127
21.4800590127
21.4800590127
21.4800590127
21.4800590127
21.4800590127
21.4800590127
21.4800590127
21.4800590127
21.4800590127
21.4800590127
21.4800590127
21.4800590127
21.4800590127
21.4800590127
21.4800590127
21.4800590127
21.4800590127
21.4800590127
21.4800590127
21.4800590127
21.4800590127
21.4800590127
21.4800590127
21.4800590127
21.4800590127
21.4800590127
21.4800590127
21.4800590127
21.4800590127
21.4800590127
21.4800590127
21.4800590127
21.4800590127
21.4800590127
21.4800590127
21.4800590127
21.4800590127
21.4800590127
21.4800590127
21.4800590127
21.4800590127
21.4800590127
21.4800590127
21.4800590127
21.4800590127
21.4800590127
21.4800590127
21.4800590127
21.4800590127
21.4800590127
21.4800590127
21.4800590127
21.4800590127
21.4800590127
21.4800590127
21.4800590127
21.4800590127
21.4800590127
21.4800590127
21.4800590127
21.4800590127
21.4800590127
21.4800590127
21.4800590127
21.4800590127
21.4800590127
21.4800590127
21.4800590127
21.4800590127
21.4800590127
21.4800590127
21.4800590127
21.4800590127
21.4800590127
21.4800590127
21.4800590127
21.4800590127
21.4800590127
21.4800590127
21.4800590127
21.4800590127
21.4800590127
21.4800590127
21.4800590127
21.4800590127
21.4800590127
21.4800590127
21.4800590127
21.4800590127
21.4800590127
21.4800590127
21.4800590127
21.4800590127
21.4800590127
21.4800590127
21.4800590127
21.4800590127
21.4800590127
21.4800590127
21.4800590127
21.4800590127
21.4800590127
21.4800590127
21.4800590127
21.4800590127
21.4800590127
21.4800590127
21.4800590127
21.4800590127
21.4800590127
21.4800590127
21.4800590127
21.4800590127
21.4800590127
21.4800590127
21.4800590127
21.4800590127
21.4800590127
21.4800590127
21.4800590127
21.4800590127
21.4800590127
21.4800590127
21.4800590127
21.4800590127
21.4800590127
21.4800590127
21.4800590127
21.4800590127
21.4800590127
21.4800590127
21.4800590127
21.4800590127
21.4800590127
21.4800590127
21.4800590127
21.4800590127
21.4800590127
21.4800590127
21.4800590127
21.4800590127
21.4800590127
21.4800590127
21.4800590127
21.4800590127
21.4800590127
21.4800590127
21.4800590127
21.4800590127
21.4800590127
21.4800590127
21.4800590127
21.4800590127
21.4800590127
21.4800590127
21.4800590127
21.4800590127
21.4800590127
21.4800590127
21.4800590127
21.4800590127
21.4800590127
21.4800590127
21.4800590127
21.4800590127
21.4800590127
21.4800590127
21.4800590127
21.4800590127
21.4800590127
21.4800590127
21.4800590127
21.4800590127
21.4800590127
21.4800590127
21.4800590127
21.4800590127
21.4800590127
21.4800590127
21.4800590127
21.4800590127
21.4800590127
21.4800590127
21.4800590127
21.4800590127
21.4800590127
21.4800590127
21.4800590127
21.4800590127
21.4800590127
21.4800590127
21.4800590127
21.4800590127
21.4800590127
21.4800590127
21.4800590127
21.4800590127
21.4800590127
21.4800590127
21.4800590127
21.4800590127
21.4800590127
21.4800590127
21.4800590127
21.4800590127
21.4800590127
21.4800590127
21.4800590127
21.4800590127
21.4800590127
21.4800590127
21.4800590127
21.4800590127
21.4800590127
21.4800590127
21.4800590127
21.4800590127
21.4800590127
21.4800590127
21.4800590127
21.4800590127
21.4800590127
21.4800590127
21.4800590127
21.4800590127
21.4800590127
21.4800590127
21.4800590127
21.4800590127
21.4800590127
21.4800590127
21.4800590127
21.4800590127
21.4800590127
21.4800590127
21.4800590127
21.4800590127
21.4800590127
21.4800590127
21.4800590127
21.4800590127
21.4800590127
21.4800590127
21.4800590127
21.4800590127
21.4800590127
21.4800590127
21.4800590127
21.4800590127
21.4800590127
21.4800590127
21.4800590127
21.4800590127
21.4800590127
21.4800590127
21.4800590127
21.4800590127
21.4800590127
21.4800590127
21.4800590127
21.4800590127
21.4800590127
21.4800590127
21.4800590127
21.4800590127
21.4800590127
21.4800590127
21.4800590127
21.4800590127
21.4800590127
21.4800590127
21.4800590127
21.4800590127
21.4800590127
21.4800590127
21.4800590127
21.4800590127
21.4800590127
21.4800590127
21.4800590127
21.4800590127
21.4800590127
21.4800590127
21.4800590127
21.4800590127
21.4800590127
21.4800590127
21.4800590127
21.4800590127
21.4800590127
21.4800590127
21.4800590127
21.4800590127
21.4800590127
21.4800590127
21.4800590127
21.4800590127
21.4800590127
21.4800590127
21.4800590127
21.4800590127
21.4800590127
21.4800590127
21.4800590127
21.4800590127
21.4800590127
21.4800590127
21.4800590127
21.4800590127
21.4800590127
21.4800590127
21.4800590127
21.4800590127
21.4800590127
21.4800590127
21.4800590127
21.4800590127
21.4800590127
21.4800590127
21.4800590127
21.4800590127
21.4800590127
21.4800590127
21.4800590127
21.4800590127
21.4800590127
21.4800590127
21.4800590127
21.4800590127
21.4800590127
21.4800590127
21.4800590127
21.4800590127
21.4800590127
21.4800590127
21.4800590127
21.4800590127
21.4800590127
21.4800590127
21.4800590127
21.4800590127
21.4800590127
21.4800590127
21.4800590127
21.4800590127
21.4800590127
21.4800590127
21.4800590127
21.4800590127
21.4800590127
21.4800590127
21.4800590127
21.4800590127
21.4800590127
21.4800590127
21.4800590127
21.4800590127
21.4800590127
21.4800590127
21.4800590127
21.4800590127
21.4800590127
21.4800590127
21.4800590127
21.4800590127
21.4800590127
21.4800590127
21.4800590127
21.4800590127
21.4800590127
21.4800590127
21.4800590127
21.4800590127
21.4800590127
21.4800590127
21.4800590127
21.4800590127
21.4800590127
21.4800590127
21.4800590127
21.4800590127
21.4800590127
21.4800590127
21.4800590127
21.4800590127
21.4800590127
21.4800590127
21.4800590127
21.4800590127
21.4800590127
21.4800590127
21.4800590127
21.4800590127
21.4800590127
21.4800590127
21.4800590127
21.4800590127
21.4800590127
21.4800590127
21.4800590127
21.4800590127
21.4800590127
21.4800590127
21.4800590127
21.4800590127
21.4800590127
21.4800590127
21.4800590127
21.4800590127
21.4800590127
21.4800590127
21.4800590127
21.4800590127
21.4800590127
21.4800590127
21.4800590127
21.4800590127
21.4800590127
21.4800590127
21.4800590127
21.4800590127
21.4800590127
21.4800590127
21.4800590127
21.4800590127
21.4800590127
21.4800590127
21.4800590127
21.4800590127
21.4800590127
21.4800590127
21.4800590127
21.4800590127
21.4800590127
21.4800590127
21.4800590127
21.4800590127
21.4800590127
21.4800590127
21.4800590127
21.4800590127
21.4800590127
21.4800590127
21.4800590127
21.4800590127
21.4800590127
21.4800590127
21.4800590127
21.4800590127
21.4800590127
21.4800590127
21.4800590127
21.4800590127
21.4800590127
21.4800590127
21.4800590127
21.4800590127
21.4800590127
21.4800590127
21.4800590127
21.4800590127
21.4800590127
21.4800590127
21.4800590127
21.4800590127
21.4800590127
21.4800590127
21.4800590127
21.4800590127
21.4800590127
21.4800590127
21.4800590127
21.4800590127
21.4800590127
21.4800590127
21.4800590127
21.4800590127
21.4800590127
21.4800590127
21.4800590127
21.4800590127
21.4800590127
21.4800590127
21.4800590127
21.4800590127
21.4800590127
21.4800590127
21.4800590127
21.4800590127
21.4800590127
21.4800590127
21.4800590127
21.4800590127
21.4800590127
21.4800590127
21.4800590127
21.4800590127
21.4800590127
21.4800590127
21.4800590127
21.4800590127
21.4800590127
21.4800590127
21.4800590127
21.4800590127
21.4800590127
21.4800590127
21.4800590127
21.4800590127
21.4800590127
21.4800590127
21.4800590127
21.4800590127
21.4800590127
21.4800590127
21.4800590127
21.4800590127
21.4800590127
21.4800590127
21.4800590127
21.4800590127
21.4800590127
21.4800590127
21.4800590127
21.4800590127
21.4800590127
21.4800590127
21.4800590127
21.4800590127
21.4800590127
21.4800590127
21.4800590127
21.4800590127
21.4800590127
21.4800590127
21.4800590127
21.4800590127
21.4800590127
21.4800590127
21.4800590127
21.4800590127
21.4800590127
21.4800590127
21.4800590127
21.4800590127
21.4800590127
21.4800590127
21.4800590127
21.4800590127
21.4800590127
21.4800590127
21.4800590127
21.4800590127
21.4800590127
21.4800590127
21.4800590127
21.4800590127
21.4800590127
21.4800590127
21.4800590127
21.4800590127
21.4800590127
21.4800590127
21.4800590127
21.4800590127
21.4800590127
21.4800590127
21.4800590127
21.4800590127
21.4800590127
21.4800590127
21.4800590127
21.4800590127
21.4800590127
21.4800590127
21.4800590127
21.4800590127
21.4800590127
21.4800590127
21.4800590127
21.4800590127
21.4800590127
21.4800590127
21.4800590127
21.4800590127
21.4800590127
21.4800590127
21.4800590127
21.4800590127
21.4800590127
21.4800590127
21.4800590127
21.4800590127
21.4800590127
21.4800590127
21.4800590127
21.4800590127
21.4800590127
21.4800590127
21.4800590127
21.4800590127
21.4800590127
21.4800590127
21.4800590127
21.4800590127
21.4800590127
21.4800590127
21.4800590127
21.4800590127
21.4800590127
21.4800590127
21.4800590127
21.4800590127
21.4800590127
21.4800590127
21.4800590127
21.4800590127
21.4800590127
21.4800590127
21.4800590127
21.4800590127
21.4800590127
21.4800590127
21.4800590127
21.4800590127
21.4800590127
21.4800590127
21.4800590127
21.4800590127
21.4800590127
21.4800590127
21.4800590127
21.4800590127
21.4800590127
21.4800590127
21.4800590127
21.4800590127
