41.3866958968
40.7455511109
40.7019497938
40.6813800363
40.6651978064
40.6535964936
40.6458799971
40.641124797
40.6383772695
40.6368603329
40.6360463451
40.6356168715
40.6353926056
40.635276396
40.6352166828
40.6351863991
40.6351714165
40.6351643824
40.6351614759
40.6351607131
40.6351610645
40.6351619958
40.6351632297
40.6351646226
40.6351660999
40.635167623
40.6351691718
40.6351707361
40.6351723105
40.6351738923
40.6351754801
40.6351770733
40.6351786716
40.6351802748
40.635181883
40.6351834962
40.6351851145
40.635186738
40.6351883667
40.6351900008
40.6351916403
40.6351932854
40.6351949362
40.6351965927
40.6351982552
40.6351999237
40.6352015983
40.6352032791
40.6352049663
40.6352066599
40.6352083602
40.6352100672
40.635211781
40.6352135018
40.6352152297
40.6352169648
40.6352187073
40.6352204573
40.635222215
40.6352239805
40.6352257538
40.6352275353
40.635229325
40.635231123
40.6352329296
40.6352347448
40.6352365689
40.6352384021
40.6352402443
40.635242096
40.6352439571
40.635245828
40.6352477087
40.6352495994
40.6352515004
40.6352534118
40.6352553338
40.6352572667
40.6352592105
40.6352611656
40.6352631321
40.6352651103
40.6352671003
40.6352691024
40.6352711168
40.6352731438
40.6352751835
40.6352772363
40.6352793024
40.635281382
40.6352834753
40.6352855828
40.6352877045
40.6352898409
40.6352919921
40.6352941586
40.6352963405
40.6352985382
40.635300752
40.6353029822
40.6353052291
40.6353074932
40.6353097746
40.6353120739
40.6353143912
40.6353167271
40.6353190819
40.6353214559
40.6353238496
40.6353262635
40.6353286978
40.6353311531
40.6353336297
40.6353361282
40.635338649
40.6353411927
40.6353437596
40.6353463503
40.6353489653
40.6353516052
40.6353542705
40.6353569618
40.6353596797
40.6353624247
40.6353651976
40.6353679989
40.6353708293
40.6353736895
40.6353765801
40.635379502
40.6353824558
40.6353854424
40.6353884624
40.6353915169
40.6353946065
40.6353977321
40.6354008947
40.6354040953
40.6354073347
40.6354106139
40.6354139341
40.6354172962
40.6354207014
40.6354241509
40.6354276457
40.6354311872
40.6354347767
40.6354384153
40.6354421046
40.635445846
40.6354496409
40.6354534908
40.6354573975
40.6354613624
40.6354653875
40.6354694744
40.635473625
40.6354778413
40.6354821253
40.6354864792
40.6354909051
40.6354954054
40.6354999824
40.6355046387
40.6355093769
40.6355141997
40.6355191101
40.635524111
40.6355292057
40.6355343973
40.6355396893
40.6355450855
40.6355505896
40.6355562055
40.6355619377
40.6355677904
40.6355737684
40.6355798765
40.6355861201
40.6355925045
40.6355990355
40.6356057193
40.6356125623
40.6356195715
40.6356267539
40.6356341175
40.6356416703
40.635649421
40.635657379
40.6356655539
40.6356739565
40.6356825978
40.63569149
40.6357006457
40.6357100787
40.6357198038
40.6357298369
40.6357401949
40.6357508962
40.6357619605
40.6357734094
40.6357852658
40.6357975549
40.6358103039
40.6358235425
40.6358373029
40.6358516205
40.6358665338
40.6358820852
40.6358983213
40.6359152933
40.6359330579
40.635951678
40.6359712231
40.635991771
40.6360134084
40.6360362326
40.6360603531
40.6360858932
40.6361129929
40.6361418113
40.6361725304
40.6362053587
40.6362405369
40.636278344
40.6363191047
40.6363632001
40.636411079
40.6364632743
40.6365204226
40.63658329
40.6366528053
40.6367301039
40.6368165845
40.6369139843
40.6370244789
40.6371508115
40.6372964621
40.6374658567
40.6376646109
40.6378997624
40.6381798643
40.6385146323
40.6389135196
40.6393822611
40.6399168107
40.6404967539
40.6410848473
40.6416381653
40.6421242891
40.6425293848
40.642855285
40.6431122991
40.6433133168
40.6434705513
40.6435942577
40.6436925199
40.6437714939
40.6438357829
40.6438888025
40.6439330848
40.6439705138
40.6440025017
40.6440301167
40.6440541753
40.6440753088
40.6440940109
40.6441106723
40.6441256052
40.6441390622
40.6441512492
40.6441623361
40.6441724637
40.6441817501
40.6441902948
40.6441981825
40.6442054854
40.6442122655
40.6442185766
40.6442244652
40.644229972
40.6442351326
40.6442399784
40.6442445371
40.6442488332
40.6442528887
40.644256723
40.6442603536
40.6442637963
40.644267065
40.6442701726
40.6442731306
40.6442759495
40.6442786387
40.6442812071
40.6442836624
40.644286012
40.6442882625
40.64429042
40.6442924901
40.6442944779
40.6442963883
40.6442982257
40.6442999941
40.6443016973
40.6443033389
40.6443049221
40.64430645
40.6443079254
40.6443093509
40.6443107291
40.6443120621
40.6443133523
40.6443146016
40.6443158119
40.644316985
40.6443181226
40.6443192262
40.6443202975
40.6443213377
40.6443223482
40.6443233302
40.6443242849
40.6443252135
40.6443261169
40.6443269963
40.6443278524
40.6443286864
40.6443294989
40.6443302908
40.6443310629
40.6443318159
40.6443325505
40.6443332673
40.6443339671
40.6443346503
40.6443353176
40.6443359696
40.6443366067
40.6443372294
40.6443378383
40.6443384337
40.6443390162
40.6443395861
40.6443401438
40.6443406898
40.6443412244
40.6443417479
40.6443422606
40.644342763
40.6443432553
40.6443437378
40.6443442108
40.6443446746
40.6443451295
40.6443455756
40.6443460133
40.6443464428
40.6443468643
40.644347278
40.6443476842
40.6443480831
40.6443484747
40.6443488595
40.6443492374
40.6443496087
40.6443499737
40.6443503323
40.6443506848
40.6443510314
40.6443513722
40.6443517073
40.644352037
40.6443523612
40.6443526801
40.644352994
40.6443533028
40.6443536068
40.644353906
40.6443542005
40.6443544905
40.644354776
40.6443550572
40.6443553341
40.6443556069
40.6443558756
40.6443561403
40.6443564012
40.6443566582
40.6443569116
40.6443571613
40.6443574074
40.6443576501
40.6443578893
40.6443581252
40.6443583579
40.6443585873
40.6443588136
40.6443590368
40.644359257
40.6443594743
40.6443596887
40.6443599002
40.644360109
40.644360315
40.6443605183
40.6443607191
40.6443609172
40.6443611129
40.6443613061
40.6443614968
40.6443616852
40.6443618712
40.6443620549
40.6443622364
40.6443624157
40.6443625928
40.6443627677
40.6443629406
40.6443631114
40.6443632802
40.644363447
40.6443636119
40.6443637748
40.6443639359
40.6443640951
40.6443642525
40.6443644081
40.6443645619
40.6443647141
40.6443648645
40.6443650132
40.6443651603
40.6443653058
40.6443654497
40.644365592
40.6443657328
40.6443658721
40.6443660099
40.6443661462
40.6443662811
40.6443664146
40.6443665467
40.6443666773
40.6443668067
40.6443669347
40.6443670614
40.6443671868
40.6443673109
40.6443674338
40.6443675554
40.6443676758
40.644367795
40.6443679131
40.6443680299
40.6443681457
40.6443682603
40.6443683738
40.6443684861
40.6443685975
40.6443687077
40.6443688169
40.644368925
40.6443690322
40.6443691383
40.6443692434
40.6443693476
40.6443694508
40.644369553
40.6443696543
40.6443697547
40.6443698542
40.6443699527
40.6443700504
40.6443701472
40.6443702431
40.6443703382
40.6443704325
40.6443705259
40.6443706184
40.6443707102
40.6443708012
40.6443708914
40.6443709808
40.6443710694
40.6443711573
40.6443712445
40.6443713309
40.6443714165
40.6443715015
40.6443715857
40.6443716692
40.6443717521
40.6443718342
40.6443719157
40.6443719965
40.6443720767
40.6443721561
40.644372235
40.6443723132
40.6443723908
40.6443724678
40.6443725441
40.6443726199
40.644372695
40.6443727695
40.6443728435
40.6443729169
40.6443729897
40.644373062
40.6443731337
40.6443732048
40.6443732754
40.6443733454
40.644373415
40.644373484
40.6443735524
40.6443736204
40.6443736878
40.6443737548
40.6443738212
40.6443738872
40.6443739526
40.6443740176
40.6443740821
40.6443741461
40.6443742097
40.6443742728
40.6443743355
40.6443743977
40.6443744594
40.6443745207
40.6443745816
40.644374642
40.6443747021
40.6443747616
40.6443748208
40.6443748796
40.6443749379
40.6443749959
40.6443750534
40.6443751105
40.6443751673
40.6443752236
40.6443752796
40.6443753352
40.6443753904
40.6443754453
40.6443754997
40.6443755538
40.6443756076
40.644375661
40.644375714
40.6443757667
40.644375819
40.644375871
40.6443759226
40.6443759739
40.6443760249
40.6443760755
40.6443761258
40.6443761758
40.6443762255
40.6443762748
40.6443763239
40.6443763726
40.644376421
40.6443764691
40.6443765169
40.6443765644
40.6443766116
40.6443766585
40.6443767051
40.6443767514
40.6443767974
40.6443768432
40.6443768886
40.6443769338
40.6443769787
40.6443770234
40.6443770677
40.6443771118
40.6443771556
40.6443771992
40.6443772425
40.6443772855
40.6443773283
40.6443773708
40.6443774131
40.6443774551
40.6443774969
40.6443775384
40.6443775797
40.6443776208
40.6443776616
40.6443777021
40.6443777425
40.6443777825
40.6443778224
40.644377862
40.6443779015
40.6443779406
40.6443779796
40.6443780183
40.6443780568
40.6443780951
40.6443781332
40.6443781711
40.6443782087
40.6443782462
40.6443782834
40.6443783205
40.6443783573
40.6443783939
40.6443784303
40.6443784665
40.6443785025
40.6443785384
40.644378574
40.6443786094
40.6443786447
40.6443786797
40.6443787146
40.6443787492
40.6443787837
40.644378818
40.6443788521
40.6443788861
40.6443789198
40.6443789534
40.6443789868
40.64437902
40.6443790531
40.6443790859
40.6443791186
40.6443791512
40.6443791835
40.6443792157
40.6443792477
40.6443792796
40.6443793113
40.6443793428
40.6443793742
40.6443794054
40.6443794365
40.6443794674
40.6443794981
40.6443795287
40.6443795591
40.6443795894
40.6443796195
40.6443796495
40.6443796793
40.644379709
40.6443797385
40.6443797679
40.6443797971
40.6443798262
40.6443798552
40.644379884
40.6443799126
40.6443799412
40.6443799696
40.6443799978
40.6443800259
40.6443800539
40.6443800817
40.6443801094
40.644380137
40.6443801644
40.6443801917
40.6443802189
40.644380246
40.6443802729
40.6443802997
40.6443803263
40.6443803529
40.6443803793
40.6443804056
40.6443804318
40.6443804578
40.6443804837
40.6443805095
40.6443805352
40.6443805608
40.6443805862
40.6443806116
40.6443806368
40.6443806619
40.6443806869
40.6443807117
40.6443807365
40.6443807611
40.6443807857
40.6443808101
40.6443808344
40.6443808586
40.6443808827
40.6443809067
40.6443809305
40.6443809543
40.644380978
40.6443810015
40.644381025
40.6443810483
40.6443810716
40.6443810947
40.6443811178
40.6443811407
40.6443811636
40.6443811863
40.644381209
40.6443812315
40.6443812539
40.6443812763
40.6443812985
40.6443813207
40.6443813428
40.6443813647
40.6443813866
40.6443814084
40.6443814301
40.6443814517
40.6443814732
40.6443814946
40.6443815159
40.6443815371
40.6443815583
40.6443815793
40.6443816003
40.6443816212
40.644381642
40.6443816627
40.6443816833
40.6443817038
40.6443817243
40.6443817446
40.6443817649
40.6443817851
40.6443818052
40.6443818253
40.6443818452
40.6443818651
40.6443818849
40.6443819046
40.6443819242
40.6443819437
40.6443819632
40.6443819826
40.6443820019
40.6443820211
40.6443820403
40.6443820594
40.6443820784
40.6443820973
40.6443821162
40.6443821349
40.6443821536
40.6443821723
40.6443821908
40.6443822093
40.6443822277
40.644382246
40.6443822643
40.6443822825
40.6443823006
40.6443823187
40.6443823367
40.6443823546
40.6443823724
40.6443823902
40.6443824079
40.6443824255
40.6443824431
40.6443824606
40.6443824781
40.6443824954
40.6443825127
40.64438253
40.6443825471
40.6443825642
40.6443825813
40.6443825983
40.6443826152
40.644382632
40.6443826488
40.6443826655
40.6443826822
40.6443826988
40.6443827153
40.6443827318
40.6443827482
40.6443827646
40.6443827809
40.6443827971
40.6443828133
40.6443828294
40.6443828455
40.6443828615
40.6443828774
40.6443828933
40.6443829091
40.6443829249
40.6443829406
40.6443829562
40.6443829718
40.6443829874
40.6443830028
40.6443830183
40.6443830336
40.644383049
40.6443830642
40.6443830794
40.6443830946
40.6443831097
40.6443831247
40.6443831397
40.6443831547
40.6443831695
40.6443831844
40.6443831991
40.6443832139
40.6443832286
40.6443832432
40.6443832578
40.6443832723
40.6443832868
40.6443833012
40.6443833155
40.6443833299
40.6443833441
40.6443833584
40.6443833725
40.6443833867
40.6443834007
40.6443834148
40.6443834288
40.6443834427
40.6443834566
40.6443834704
40.6443834842
40.6443834979
40.6443835116
40.6443835253
40.6443835389
40.6443835525
40.644383566
40.6443835794
40.6443835929
40.6443836062
40.6443836196
40.6443836329
40.6443836461
40.6443836593
40.6443836725
40.6443836856
40.6443836986
40.6443837117
40.6443837247
40.6443837376
40.6443837505
40.6443837633
40.6443837762
40.6443837889
40.6443838017
40.6443838144
40.644383827
40.6443838396
40.6443838522
40.6443838647
40.6443838772
40.6443838896
40.644383902
40.6443839144
40.6443839267
40.644383939
40.6443839512
40.6443839634
40.6443839756
40.6443839877
40.6443839998
40.6443840119
40.6443840239
40.6443840359
40.6443840478
40.6443840597
40.6443840715
40.6443840834
40.6443840952
40.6443841069
40.6443841186
40.6443841303
40.6443841419
40.6443841535
40.6443841651
40.6443841766
40.6443841881
40.6443841996
40.644384211
40.6443842224
40.6443842338
40.6443842451
40.6443842564
40.6443842676
40.6443842788
40.64438429
40.6443843011
40.6443843122
40.6443843233
40.6443843344
40.6443843454
40.6443843564
40.6443843673
40.6443843782
40.6443843891
40.6443843999
40.6443844107
40.6443844215
40.6443844323
40.644384443
40.6443844537
40.6443844643
40.6443844749
40.6443844855
40.6443844961
40.6443845066
40.6443845171
40.6443845276
40.644384538
40.6443845484
40.6443845588
40.6443845691
40.6443845794
40.6443845897
40.6443845999
40.6443846101
40.6443846203
40.6443846305
40.6443846406
40.6443846507
40.6443846608
40.6443846708
40.6443846808
40.6443846908
40.6443847008
40.6443847107
40.6443847206
40.6443847305
40.6443847403
40.6443847501
40.6443847599
40.6443847697
40.6443847794
40.6443847891
40.6443847988
40.6443848084
40.644384818
40.6443848276
40.6443848372
40.6443848467
40.6443848562
40.6443848657
40.6443848751
40.6443848846
40.644384894
40.6443849034
40.6443849127
40.644384922
40.6443849313
40.6443849406
40.6443849498
40.6443849591
40.6443849683
40.6443849774
40.6443849866
40.6443849957
40.6443850048
40.6443850138
40.6443850229
40.6443850319
40.6443850409
40.6443850499
40.6443850588
40.6443850677
40.6443850766
40.6443850855
40.6443850943
40.6443851032
40.6443851119
40.6443851207
40.6443851295
40.6443851382
40.6443851469
40.6443851556
40.6443851642
40.6443851729
40.6443851815
40.6443851901
40.6443851986
40.6443852072
