31.5216215743
31.4124257987
31.3110239777
31.2501252177
31.229765605
31.2214445654
31.217455669
31.215304359
31.2140226763
31.2131945283
31.2126262283
31.2122199746
31.2119218732
31.2116995621
31.2115321143
31.2114052096
31.2113086552
31.2112350056
31.2111787318
31.2111356839
31.211102726
31.2110774781
31.2110581279
31.2110432928
31.2110319165
31.2110231908
31.2110164973
31.211011362
31.2110074218
31.2110043984
31.2110020784
31.211000298
31.2109989317
31.2109978831
31.2109970783
31.2109964607
31.2109959866
31.2109956228
31.2109953435
31.2109951292
31.2109949647
31.2109948384
31.2109947415
31.2109946671
31.21099461
31.2109945662
31.2109945325
31.2109945067
31.2109944869
31.2109944717
31.21099446
31.210994451
31.2109944441
31.2109944389
31.2109944348
31.2109944317
31.2109944293
31.2109944275
31.2109944261
31.210994425
31.2109944241
31.2109944235
31.210994423
31.2109944226
31.2109944224
31.2109944221
31.210994422
31.2109944218
31.2109944217
31.2109944217
31.2109944216
31.2109944216
31.2109944215
31.2109944215
31.2109944215
31.2109944215
31.2109944214
31.2109944214
31.2109944214
31.2109944214
31.2109944214
31.2109944214
31.2109944214
31.2109944214
31.2109944214
31.2109944214
31.2109944214
31.2109944214
31.2109944214
31.2109944214
31.2109944214
31.2109944214
31.2109944214
31.2109944214
31.2109944214
31.2109944214
31.2109944214
31.2109944214
31.2109944214
31.2109944214
31.2109944214
31.2109944214
31.2109944214
31.2109944214
31.2109944214
31.2109944214
31.2109944214
31.2109944214
31.2109944214
31.2109944214
31.2109944214
31.2109944214
31.2109944214
31.2109944214
31.2109944214
31.2109944214
31.2109944214
31.2109944214
31.2109944214
31.2109944214
31.2109944214
31.2109944214
31.2109944214
31.2109944214
31.2109944214
31.2109944214
31.2109944214
31.2109944214
31.2109944214
31.2109944214
31.2109944214
31.2109944214
31.2109944214
31.2109944214
31.2109944214
31.2109944214
31.2109944214
31.2109944214
31.2109944214
31.2109944214
31.2109944214
31.2109944214
31.2109944214
31.2109944214
31.2109944214
31.2109944214
31.2109944214
31.2109944214
31.2109944214
31.2109944214
31.2109944214
31.2109944214
31.2109944214
31.2109944214
31.2109944214
31.2109944214
31.2109944214
31.2109944214
31.2109944214
31.2109944214
31.2109944214
31.2109944214
31.2109944214
31.2109944214
31.2109944214
31.2109944214
31.2109944214
31.2109944214
31.2109944214
31.2109944214
31.2109944214
31.2109944214
31.2109944214
31.2109944214
31.2109944214
31.2109944214
31.2109944214
31.2109944214
31.2109944214
31.2109944214
31.2109944214
31.2109944214
31.2109944214
31.2109944214
31.2109944214
31.2109944214
31.2109944214
31.2109944214
31.2109944214
31.2109944214
31.2109944214
31.2109944214
31.2109944214
31.2109944214
31.2109944214
31.2109944214
31.2109944214
31.2109944214
31.2109944214
31.2109944214
31.2109944214
31.2109944214
31.2109944214
31.2109944214
31.2109944214
31.2109944214
31.2109944214
31.2109944214
31.2109944214
31.2109944214
31.2109944214
31.2109944214
31.2109944214
31.2109944214
31.2109944214
31.2109944214
31.2109944214
31.2109944214
31.2109944214
31.2109944214
31.2109944214
31.2109944214
31.2109944214
31.2109944214
31.2109944214
31.2109944214
31.2109944214
31.2109944214
31.2109944214
31.2109944214
31.2109944214
31.2109944214
31.2109944214
31.2109944214
31.2109944214
31.2109944214
31.2109944214
31.2109944214
31.2109944214
31.2109944214
31.2109944214
31.2109944214
31.2109944214
31.2109944214
31.2109944214
31.2109944214
31.2109944214
31.2109944214
31.2109944214
31.2109944214
31.2109944214
31.2109944214
31.2109944214
31.2109944214
31.2109944214
31.2109944214
31.2109944214
31.2109944214
31.2109944214
31.2109944214
31.2109944214
31.2109944214
31.2109944214
31.2109944214
31.2109944214
31.2109944214
31.2109944214
31.2109944214
31.2109944214
31.2109944214
31.2109944214
31.2109944214
31.2109944214
31.2109944214
31.2109944214
31.2109944214
31.2109944214
31.2109944214
31.2109944214
31.2109944214
31.2109944214
31.2109944214
31.2109944214
31.2109944214
31.2109944214
31.2109944214
31.2109944214
31.2109944214
31.2109944214
31.2109944214
31.2109944214
31.2109944214
31.2109944214
31.2109944214
31.2109944214
31.2109944214
31.2109944214
31.2109944214
31.2109944214
31.2109944214
31.2109944214
31.2109944214
31.2109944214
31.2109944214
31.2109944214
31.2109944214
31.2109944214
31.2109944214
31.2109944214
31.2109944214
31.2109944214
31.2109944214
31.2109944214
31.2109944214
31.2109944214
31.2109944214
31.2109944214
31.2109944214
31.2109944214
31.2109944214
31.2109944214
31.2109944214
31.2109944214
31.2109944214
31.2109944214
31.2109944214
31.2109944214
31.2109944214
31.2109944214
31.2109944214
31.2109944214
31.2109944214
31.2109944214
31.2109944214
31.2109944214
31.2109944214
31.2109944214
31.2109944214
31.2109944214
31.2109944214
31.2109944214
31.2109944214
31.2109944214
31.2109944214
31.2109944214
31.2109944214
31.2109944214
31.2109944214
31.2109944214
31.2109944214
31.2109944214
31.2109944214
31.2109944214
31.2109944214
31.2109944214
31.2109944214
31.2109944214
31.2109944214
31.2109944214
31.2109944214
31.2109944214
31.2109944214
31.2109944214
31.2109944214
31.2109944214
31.2109944214
31.2109944214
31.2109944214
31.2109944214
31.2109944214
31.2109944214
31.2109944214
31.2109944214
31.2109944214
31.2109944214
31.2109944214
31.2109944214
31.2109944214
31.2109944214
31.2109944214
31.2109944214
31.2109944214
31.2109944214
31.2109944214
31.2109944214
31.2109944214
31.2109944214
31.2109944214
31.2109944214
31.2109944214
31.2109944214
31.2109944214
31.2109944214
31.2109944214
31.2109944214
31.2109944214
31.2109944214
31.2109944214
31.2109944214
31.2109944214
31.2109944214
31.2109944214
31.2109944214
31.2109944214
31.2109944214
31.2109944214
31.2109944214
31.2109944214
31.2109944214
31.2109944214
31.2109944214
31.2109944214
31.2109944214
31.2109944214
31.2109944214
31.2109944214
31.2109944214
31.2109944214
31.2109944214
31.2109944214
31.2109944214
31.2109944214
31.2109944214
31.2109944214
31.2109944214
31.2109944214
31.2109944214
31.2109944214
31.2109944214
31.2109944214
31.2109944214
31.2109944214
31.2109944214
31.2109944214
31.2109944214
31.2109944214
31.2109944214
31.2109944214
31.2109944214
31.2109944214
31.2109944214
31.2109944214
31.2109944214
31.2109944214
31.2109944214
31.2109944214
31.2109944214
31.2109944214
31.2109944214
31.2109944214
31.2109944214
31.2109944214
31.2109944214
31.2109944214
31.2109944214
31.2109944214
31.2109944214
31.2109944214
31.2109944214
31.2109944214
31.2109944214
31.2109944214
31.2109944214
31.2109944214
31.2109944214
31.2109944214
31.2109944214
31.2109944214
31.2109944214
31.2109944214
31.2109944214
31.2109944214
31.2109944214
31.2109944214
31.2109944214
31.2109944214
31.2109944214
31.2109944214
31.2109944214
31.2109944214
31.2109944214
31.2109944214
31.2109944214
31.2109944214
31.2109944214
31.2109944214
31.2109944214
31.2109944214
31.2109944214
31.2109944214
31.2109944214
31.2109944214
31.2109944214
31.2109944214
31.2109944214
31.2109944214
31.2109944214
31.2109944214
31.2109944214
31.2109944214
31.2109944214
31.2109944214
31.2109944214
31.2109944214
31.2109944214
31.2109944214
31.2109944214
31.2109944214
31.2109944214
31.2109944214
31.2109944214
31.2109944214
31.2109944214
31.2109944214
31.2109944214
31.2109944214
31.2109944214
31.2109944214
31.2109944214
31.2109944214
31.2109944214
31.2109944214
31.2109944214
31.2109944214
31.2109944214
31.2109944214
31.2109944214
31.2109944214
31.2109944214
31.2109944214
31.2109944214
31.2109944214
31.2109944214
31.2109944214
31.2109944214
31.2109944214
31.2109944214
31.2109944214
31.2109944214
31.2109944214
31.2109944214
31.2109944214
31.2109944214
31.2109944214
31.2109944214
31.2109944214
31.2109944214
31.2109944214
31.2109944214
31.2109944214
31.2109944214
31.2109944214
31.2109944214
31.2109944214
31.2109944214
31.2109944214
31.2109944214
31.2109944214
31.2109944214
31.2109944214
31.2109944214
31.2109944214
31.2109944214
31.2109944214
31.2109944214
31.2109944214
31.2109944214
31.2109944214
31.2109944214
31.2109944214
31.2109944214
31.2109944214
31.2109944214
31.2109944214
31.2109944214
31.2109944214
31.2109944214
31.2109944214
31.2109944214
31.2109944214
31.2109944214
31.2109944214
31.2109944214
31.2109944214
31.2109944214
31.2109944214
31.2109944214
31.2109944214
31.2109944214
31.2109944214
31.2109944214
31.2109944214
31.2109944214
31.2109944214
31.2109944214
31.2109944214
31.2109944214
31.2109944214
31.2109944214
31.2109944214
31.2109944214
31.2109944214
31.2109944214
31.2109944214
31.2109944214
31.2109944214
31.2109944214
31.2109944214
31.2109944214
31.2109944214
31.2109944214
31.2109944214
31.2109944214
31.2109944214
31.2109944214
31.2109944214
31.2109944214
31.2109944214
31.2109944214
31.2109944214
31.2109944214
31.2109944214
31.2109944214
31.2109944214
31.2109944214
31.2109944214
31.2109944214
31.2109944214
31.2109944214
31.2109944214
31.2109944214
31.2109944214
31.2109944214
31.2109944214
31.2109944214
31.2109944214
31.2109944214
31.2109944214
31.2109944214
31.2109944214
31.2109944214
31.2109944214
31.2109944214
31.2109944214
31.2109944214
31.2109944214
31.2109944214
31.2109944214
31.2109944214
31.2109944214
31.2109944214
31.2109944214
31.2109944214
31.2109944214
31.2109944214
31.2109944214
31.2109944214
31.2109944214
31.2109944214
31.2109944214
31.2109944214
31.2109944214
31.2109944214
31.2109944214
31.2109944214
31.2109944214
31.2109944214
31.2109944214
31.2109944214
31.2109944214
31.2109944214
31.2109944214
31.2109944214
31.2109944214
31.2109944214
31.2109944214
31.2109944214
31.2109944214
31.2109944214
31.2109944214
31.2109944214
31.2109944214
31.2109944214
31.2109944214
31.2109944214
31.2109944214
31.2109944214
31.2109944214
31.2109944214
31.2109944214
31.2109944214
31.2109944214
31.2109944214
31.2109944214
31.2109944214
31.2109944214
31.2109944214
31.2109944214
31.2109944214
31.2109944214
31.2109944214
31.2109944214
31.2109944214
31.2109944214
31.2109944214
31.2109944214
31.2109944214
31.2109944214
31.2109944214
31.2109944214
31.2109944214
31.2109944214
31.2109944214
31.2109944214
31.2109944214
31.2109944214
31.2109944214
31.2109944214
31.2109944214
31.2109944214
31.2109944214
31.2109944214
31.2109944214
31.2109944214
31.2109944214
31.2109944214
31.2109944214
31.2109944214
31.2109944214
31.2109944214
31.2109944214
31.2109944214
31.2109944214
31.2109944214
31.2109944214
31.2109944214
31.2109944214
31.2109944214
31.2109944214
31.2109944214
31.2109944214
31.2109944214
31.2109944214
31.2109944214
31.2109944214
31.2109944214
31.2109944214
31.2109944214
31.2109944214
31.2109944214
31.2109944214
31.2109944214
31.2109944214
31.2109944214
31.2109944214
31.2109944214
31.2109944214
31.2109944214
31.2109944214
31.2109944214
31.2109944214
31.2109944214
31.2109944214
31.2109944214
31.2109944214
31.2109944214
31.2109944214
31.2109944214
31.2109944214
31.2109944214
31.2109944214
31.2109944214
31.2109944214
31.2109944214
31.2109944214
31.2109944214
31.2109944214
31.2109944214
31.2109944214
31.2109944214
31.2109944214
31.2109944214
31.2109944214
31.2109944214
31.2109944214
31.2109944214
31.2109944214
31.2109944214
31.2109944214
31.2109944214
31.2109944214
31.2109944214
31.2109944214
31.2109944214
31.2109944214
31.2109944214
31.2109944214
31.2109944214
31.2109944214
31.2109944214
31.2109944214
31.2109944214
31.2109944214
31.2109944214
31.2109944214
31.2109944214
31.2109944214
31.2109944214
31.2109944214
31.2109944214
31.2109944214
31.2109944214
31.2109944214
31.2109944214
31.2109944214
31.2109944214
31.2109944214
31.2109944214
31.2109944214
31.2109944214
31.2109944214
31.2109944214
31.2109944214
31.2109944214
31.2109944214
31.2109944214
31.2109944214
31.2109944214
31.2109944214
31.2109944214
31.2109944214
31.2109944214
31.2109944214
31.2109944214
31.2109944214
31.2109944214
31.2109944214
31.2109944214
31.2109944214
31.2109944214
31.2109944214
31.2109944214
31.2109944214
31.2109944214
31.2109944214
31.2109944214
31.2109944214
31.2109944214
31.2109944214
31.2109944214
31.2109944214
31.2109944214
31.2109944214
31.2109944214
31.2109944214
31.2109944214
31.2109944214
31.2109944214
31.2109944214
31.2109944214
31.2109944214
31.2109944214
31.2109944214
31.2109944214
31.2109944214
31.2109944214
31.2109944214
31.2109944214
31.2109944214
31.2109944214
31.2109944214
31.2109944214
31.2109944214
31.2109944214
31.2109944214
31.2109944214
31.2109944214
31.2109944214
31.2109944214
31.2109944214
31.2109944214
31.2109944214
31.2109944214
31.2109944214
31.2109944214
31.2109944214
31.2109944214
31.2109944214
31.2109944214
31.2109944214
31.2109944214
31.2109944214
31.2109944214
31.2109944214
31.2109944214
31.2109944214
31.2109944214
31.2109944214
31.2109944214
31.2109944214
31.2109944214
31.2109944214
31.2109944214
31.2109944214
31.2109944214
31.2109944214
31.2109944214
31.2109944214
31.2109944214
31.2109944214
31.2109944214
31.2109944214
31.2109944214
31.2109944214
31.2109944214
31.2109944214
31.2109944214
31.2109944214
31.2109944214
31.2109944214
31.2109944214
31.2109944214
31.2109944214
31.2109944214
31.2109944214
31.2109944214
31.2109944214
31.2109944214
31.2109944214
31.2109944214
31.2109944214
31.2109944214
31.2109944214
31.2109944214
31.2109944214
31.2109944214
31.2109944214
31.2109944214
31.2109944214
31.2109944214
31.2109944214
31.2109944214
31.2109944214
31.2109944214
31.2109944214
31.2109944214
31.2109944214
31.2109944214
31.2109944214
31.2109944214
31.2109944214
31.2109944214
31.2109944214
31.2109944214
31.2109944214
31.2109944214
31.2109944214
31.2109944214
31.2109944214
31.2109944214
31.2109944214
31.2109944214
31.2109944214
31.2109944214
31.2109944214
31.2109944214
31.2109944214
31.2109944214
31.2109944214
31.2109944214
31.2109944214
31.2109944214
31.2109944214
31.2109944214
31.2109944214
31.2109944214
31.2109944214
31.2109944214
31.2109944214
31.2109944214
31.2109944214
31.2109944214
31.2109944214
31.2109944214
31.2109944214
31.2109944214
31.2109944214
31.2109944214
31.2109944214
31.2109944214
31.2109944214
31.2109944214
31.2109944214
31.2109944214
31.2109944214
31.2109944214
31.2109944214
31.2109944214
31.2109944214
31.2109944214
