38.9497051135
38.8913874127
38.8780653363
38.8695196697
38.8622809514
38.8522415858
38.8035490633
38.7696411732
38.7556177514
38.7456816649
38.7436886962
38.7428409393
38.7418551582
38.7409231878
38.7400862189
38.7393392757
38.7386724087
38.7380756606
38.7375396879
38.7370559859
38.7366170274
38.7362163129
38.7358483379
38.7355085037
38.735193
38.7348986805
38.7346229467
38.7343636451
38.7341189816
38.7338874504
38.7336677781
38.7334588784
38.7332598169
38.733069783
38.732888068
38.7327140477
38.7325471684
38.7323869362
38.7322329075
38.7320846825
38.7319418987
38.7318042265
38.7316713648
38.7315430377
38.7314189918
38.7312989936
38.7311828274
38.7310702936
38.7309612071
38.7308553957
38.7307526993
38.7306529686
38.7305560641
38.7304618554
38.7303702203
38.7302810444
38.7301942202
38.7301096466
38.7300272285
38.7299468764
38.7298685058
38.7297920372
38.7297173951
38.7296445084
38.7295733098
38.7295037354
38.7294357247
38.7293692203
38.7293041678
38.7292405153
38.7291782136
38.7291172159
38.7290574775
38.7289989559
38.7289416105
38.7288854027
38.7288302957
38.7287762539
38.7287232439
38.7286712333
38.7286201912
38.7285700882
38.728520896
38.7284725873
38.7284251362
38.7283785178
38.728332708
38.728287684
38.7282434236
38.7281999055
38.7281571094
38.7281150155
38.7280736051
38.7280328598
38.7279927622
38.7279532953
38.7279144429
38.7278761893
38.7278385193
38.7278014182
38.7277648721
38.7277288671
38.7276933903
38.7276584288
38.7276239703
38.7275900031
38.7275565154
38.7275234963
38.7274909349
38.7274588209
38.727427144
38.7273958946
38.7273650631
38.7273346404
38.7273046175
38.7272749858
38.7272457369
38.7272168626
38.7271883552
38.7271602068
38.7271324101
38.7271049579
38.727077843
38.7270510587
38.7270245984
38.7269984556
38.726972624
38.7269470975
38.7269218702
38.7268969364
38.7268722903
38.7268479265
38.7268238398
38.7268000248
38.7267764767
38.7267531903
38.726730161
38.726707384
38.7266848549
38.7266625691
38.7266405223
38.7266187104
38.7265971291
38.7265757745
38.7265546426
38.7265337296
38.7265130318
38.7264925455
38.7264722672
38.7264521934
38.7264323206
38.7264126455
38.726393165
38.7263738758
38.7263547749
38.7263358591
38.7263171256
38.7262985714
38.7262801938
38.7262619899
38.726243957
38.7262260925
38.7262083938
38.7261908583
38.7261734836
38.7261562673
38.7261392069
38.7261223001
38.7261055446
38.7260889382
38.7260724788
38.7260561641
38.726039992
38.7260239606
38.7260080677
38.7259923115
38.7259766899
38.7259612011
38.7259458432
38.7259306143
38.7259155128
38.7259005368
38.7258856845
38.7258709544
38.7258563448
38.7258418539
38.7258274803
38.7258132224
38.7257990786
38.7257850474
38.7257711273
38.725757317
38.7257436148
38.7257300196
38.7257165298
38.7257031441
38.7256898612
38.7256766798
38.7256635986
38.7256506164
38.7256377318
38.7256249438
38.7256122511
38.7255996525
38.7255871469
38.7255747331
38.72556241
38.7255501766
38.7255380317
38.7255259743
38.7255140033
38.7255021178
38.7254903167
38.725478599
38.7254669638
38.72545541
38.7254439368
38.7254325432
38.7254212284
38.7254099913
38.7253988311
38.725387747
38.7253767381
38.7253658035
38.7253549425
38.7253441541
38.7253334377
38.7253227923
38.7253122173
38.7253017118
38.7252912751
38.7252809065
38.7252706052
38.7252603704
38.7252502016
38.7252400979
38.7252300588
38.7252200834
38.7252101712
38.7252003214
38.7251905335
38.7251808067
38.7251711405
38.7251615342
38.7251519873
38.725142499
38.7251330688
38.7251236962
38.7251143805
38.7251051211
38.7250959176
38.7250867693
38.7250776757
38.7250686362
38.7250596504
38.7250507176
38.7250418374
38.7250330093
38.7250242328
38.7250155072
38.7250068323
38.7249982074
38.7249896322
38.724981106
38.7249726286
38.7249641993
38.7249558178
38.7249474836
38.7249391962
38.7249309553
38.7249227603
38.7249146109
38.7249065067
38.7248984472
38.724890432
38.7248824607
38.724874533
38.7248666484
38.7248588065
38.724851007
38.7248432494
38.7248355335
38.7248278588
38.724820225
38.7248126316
38.7248050784
38.724797565
38.7247900911
38.7247826563
38.7247752602
38.7247679026
38.7247605831
38.7247533013
38.724746057
38.7247388499
38.7247316796
38.7247245457
38.7247174481
38.7247103863
38.7247033602
38.7246963694
38.7246894135
38.7246824924
38.7246756057
38.7246687531
38.7246619344
38.7246551493
38.7246483974
38.7246416787
38.7246349926
38.7246283391
38.7246217179
38.7246151286
38.7246085711
38.724602045
38.7245955501
38.7245890863
38.7245826531
38.7245762505
38.7245698781
38.7245635357
38.7245572231
38.72455094
38.7245446863
38.7245384616
38.7245322658
38.7245260987
38.7245199599
38.7245138494
38.7245077669
38.7245017122
38.724495685
38.7244896852
38.7244837125
38.7244777668
38.7244718479
38.7244659555
38.7244600894
38.7244542495
38.7244484356
38.7244426474
38.7244368849
38.7244311477
38.7244254357
38.7244197488
38.7244140867
38.7244084492
38.7244028363
38.7243972476
38.7243916831
38.7243861426
38.7243806258
38.7243751327
38.724369663
38.7243642166
38.7243587934
38.7243533931
38.7243480155
38.7243426607
38.7243373283
38.7243320182
38.7243267303
38.7243214644
38.7243162204
38.7243109981
38.7243057974
38.7243006181
38.72429546
38.7242903231
38.7242852071
38.724280112
38.7242750376
38.7242699838
38.7242649503
38.7242599372
38.7242549442
38.7242499712
38.7242450181
38.7242400847
38.724235171
38.7242302768
38.7242254019
38.7242205462
38.7242157097
38.7242108921
38.7242060934
38.7242013134
38.724196552
38.7241918092
38.7241870847
38.7241823785
38.7241776904
38.7241730203
38.7241683681
38.7241637338
38.7241591171
38.724154518
38.7241499363
38.724145372
38.724140825
38.724136295
38.7241317821
38.7241272861
38.724122807
38.7241183445
38.7241138986
38.7241094693
38.7241050563
38.7241006596
38.7240962792
38.7240919148
38.7240875665
38.724083234
38.7240789174
38.7240746164
38.7240703311
38.7240660613
38.724061807
38.724057568
38.7240533442
38.7240491356
38.724044942
38.7240407634
38.7240365997
38.7240324508
38.7240283167
38.7240241971
38.7240200921
38.7240160015
38.7240119253
38.7240078634
38.7240038157
38.7239997821
38.7239957625
38.7239917569
38.7239877652
38.7239837873
38.7239798231
38.7239758725
38.7239719355
38.723968012
38.7239641018
38.723960205
38.7239563215
38.7239524511
38.7239485939
38.7239447497
38.7239409184
38.7239371
38.7239332945
38.7239295016
38.7239257215
38.723921954
38.7239181989
38.7239144564
38.7239107262
38.7239070084
38.7239033028
38.7238996094
38.7238959282
38.723892259
38.7238886018
38.7238849565
38.7238813231
38.7238777015
38.7238740916
38.7238704934
38.7238669068
38.7238633317
38.7238597681
38.723856216
38.7238526752
38.7238491457
38.7238456275
38.7238421204
38.7238386245
38.7238351396
38.7238316658
38.7238282029
38.7238247508
38.7238213097
38.7238178793
38.7238144596
38.7238110506
38.7238076522
38.7238042643
38.723800887
38.7237975201
38.7237941636
38.7237908174
38.7237874815
38.7237841559
38.7237808404
38.7237775351
38.7237742399
38.7237709547
38.7237676794
38.7237644141
38.7237611587
38.7237579131
38.7237546773
38.7237514512
38.7237482348
38.723745028
38.7237418308
38.7237386432
38.723735465
38.7237322963
38.723729137
38.723725987
38.7237228463
38.7237197149
38.7237165927
38.7237134797
38.7237103758
38.723707281
38.7237041952
38.7237011184
38.7236980505
38.7236949916
38.7236919415
38.7236889002
38.7236858677
38.723682844
38.7236798289
38.7236768225
38.7236738247
38.7236708355
38.7236678548
38.7236648826
38.7236619188
38.7236589634
38.7236560164
38.7236530778
38.7236501474
38.7236472253
38.7236443113
38.7236414056
38.723638508
38.7236356185
38.723632737
38.7236298636
38.7236269982
38.7236241407
38.7236212911
38.7236184494
38.7236156155
38.7236127895
38.7236099712
38.7236071606
38.7236043577
38.7236015625
38.723598775
38.723595995
38.7235932226
38.7235904577
38.7235877002
38.7235849503
38.7235822078
38.7235794726
38.7235767448
38.7235740244
38.7235713112
38.7235686053
38.7235659066
38.7235632151
38.7235605307
38.7235578535
38.7235551834
38.7235525204
38.7235498644
38.7235472154
38.7235445734
38.7235419383
38.7235393101
38.7235366889
38.7235340744
38.7235314668
38.723528866
38.723526272
38.7235236847
38.7235211041
38.7235185302
38.7235159629
38.7235134023
38.7235108482
38.7235083007
38.7235057597
38.7235032253
38.7235006973
38.7234981758
38.7234956607
38.723493152
38.7234906497
38.7234881537
38.723485664
38.7234831807
38.7234807036
38.7234782327
38.723475768
38.7234733096
38.7234708573
38.7234684111
38.723465971
38.723463537
38.7234611091
38.7234586872
38.7234562713
38.7234538614
38.7234514575
38.7234490595
38.7234466674
38.7234442812
38.7234419008
38.7234395263
38.7234371576
38.7234347947
38.7234324376
38.7234300862
38.7234277405
38.7234254006
38.7234230663
38.7234207376
38.7234184146
38.7234160972
38.7234137853
38.7234114791
38.7234091783
38.7234068831
38.7234045934
38.7234023091
38.7234000303
38.723397757
38.723395489
38.7233932264
38.7233909692
38.7233887174
38.7233864708
38.7233842296
38.7233819936
38.723379763
38.7233775375
38.7233753173
38.7233731022
38.7233708924
38.7233686877
38.7233664881
38.7233642937
38.7233621043
38.7233599201
38.7233577409
38.7233555667
38.7233533976
38.7233512335
38.7233490743
38.7233469201
38.7233447709
38.7233426265
38.7233404871
38.7233383526
38.723336223
38.7233340982
38.7233319782
38.723329863
38.7233277527
38.7233256471
38.7233235463
38.7233214502
38.7233193588
38.7233172722
38.7233151903
38.723313113
38.7233110403
38.7233089724
38.723306909
38.7233048502
38.723302796
38.7233007464
38.7232987014
38.7232966608
38.7232946248
38.7232925933
38.7232905663
38.7232885437
38.7232865256
38.723284512
38.7232825027
38.7232804979
38.7232784975
38.7232765014
38.7232745097
38.7232725223
38.7232705392
38.7232685605
38.723266586
38.7232646158
38.7232626499
38.7232606882
38.7232587308
38.7232567776
38.7232548286
38.7232528837
38.7232509431
38.7232490066
38.7232470742
38.723245146
38.7232432219
38.7232413018
38.7232393859
38.723237474
38.7232355662
38.7232336624
38.7232317627
38.7232298669
38.7232279752
38.7232260875
38.7232242037
38.7232223238
38.723220448
38.723218576
38.723216708
38.7232148438
38.7232129836
38.7232111272
38.7232092747
38.723207426
38.7232055812
38.7232037402
38.723201903
38.7232000695
38.7231982399
38.7231964141
38.723194592
38.7231927736
38.723190959
38.7231891481
38.7231873408
38.7231855373
38.7231837375
38.7231819413
38.7231801488
38.72317836
38.7231765747
38.7231747931
38.7231730151
38.7231712407
38.7231694698
38.7231677026
38.7231659389
38.7231641787
38.7231624221
38.723160669
38.7231589194
38.7231571733
38.7231554307
38.7231536916
38.7231519559
38.7231502237
38.7231484949
38.7231467696
38.7231450477
38.7231433291
38.723141614
38.7231399023
38.7231381939
38.7231364889
38.7231347873
38.723133089
38.723131394
38.7231297024
38.7231280141
38.723126329
38.7231246473
38.7231229688
38.7231212936
38.7231196216
38.7231179529
38.7231162874
38.7231146252
38.7231129661
38.7231113103
38.7231096577
38.7231080082
38.7231063619
38.7231047188
38.7231030788
38.723101442
38.7230998083
38.7230981778
38.7230965503
38.723094926
38.7230933047
38.7230916865
38.7230900714
38.7230884594
38.7230868504
38.7230852445
38.7230836416
38.7230820417
38.7230804448
38.723078851
38.7230772601
38.7230756723
38.7230740874
38.7230725055
38.7230709265
38.7230693505
38.7230677774
38.7230662073
38.7230646401
38.7230630758
38.7230615144
38.7230599559
38.7230584003
38.7230568476
38.7230552978
38.7230537508
38.7230522067
38.7230506654
38.7230491269
38.7230475913
38.7230460585
38.7230445285
38.7230430013
38.7230414769
38.7230399553
38.7230384364
38.7230369203
38.723035407
38.7230338964
38.7230323886
38.7230308835
38.7230293812
38.7230278815
38.7230263846
38.7230248904
38.7230233988
38.72302191
38.7230204238
38.7230189403
38.7230174594
38.7230159812
38.7230145057
38.7230130328
38.7230115625
38.7230100949
38.7230086298
38.7230071674
38.7230057076
38.7230042503
38.7230027957
38.7230013436
38.7229998941
38.7229984471
38.7229970027
38.7229955609
38.7229941216
38.7229926848
38.7229912506
38.7229898188
38.7229883896
38.7229869629
38.7229855386
38.7229841169
38.7229826977
38.7229812809
38.7229798666
38.7229784547
38.7229770453
38.7229756383
38.7229742338
38.7229728317
38.7229714321
38.7229700348
38.72296864
38.7229672475
38.7229658575
38.7229644699
38.7229630846
38.7229617017
38.7229603212
38.722958943
38.7229575673
38.7229561938
38.7229548227
38.7229534539
38.7229520875
38.7229507234
38.7229493616
38.7229480021
38.7229466449
38.7229452901
38.7229439375
38.7229425872
38.7229412391
38.7229398934
38.7229385499
38.7229372087
38.7229358697
38.722934533
38.7229331985
38.7229318662
38.7229305362
38.7229292084
38.7229278828
38.7229265594
38.7229252383
38.7229239193
38.7229226025
38.7229212879
38.7229199755
38.7229186653
38.7229173572
38.7229160513
38.7229147475
38.7229134459
38.7229121465
38.7229108491
38.7229095539
38.7229082609
38.72290697
38.7229056811
38.7229043944
38.7229031098
38.7229018273
38.7229005469
38.7228992686
38.7228979923
38.7228967181
38.722895446
38.722894176
38.722892908
38.7228916421
38.7228903782
38.7228891164
38.7228878566
38.7228865989
38.7228853431
38.7228840894
38.7228828377
38.7228815881
38.7228803404
38.7228790947
38.722877851
38.7228766093
38.7228753696
38.7228741319
38.7228728962
38.7228716624
38.7228704306
38.7228692007
38.7228679728
38.7228667468
38.7228655228
38.7228643008
38.7228630806
38.7228618624
38.7228606461
38.7228594317
38.7228582193
38.7228570087
38.7228558001
38.7228545934
38.7228533885
38.7228521855
38.7228509845
38.7228497853
38.7228485879
38.7228473925
38.7228461989
38.7228450072
38.7228438173
38.7228426293
38.7228414431
38.7228402588
38.7228390763
38.7228378956
38.7228367168
38.7228355398
38.7228343646
38.7228331912
38.7228320196
38.7228308498
38.7228296819
38.7228285157
38.7228273513
38.7228261887
38.7228250279
38.7228238688
38.7228227116
38.7228215561
38.7228204023
38.7228192504
38.7228181002
38.7228169517
38.722815805
38.72281466
38.7228135167
38.7228123752
38.7228112355
