32.9808378489
32.8975098691
32.8842473612
32.8747708331
32.8650594141
32.8564040515
32.8496347612
32.8446087519
32.8408665132
32.8380122315
32.8357730094
32.8339695832
32.8324835909
32.8312351296
32.8301688099
32.8292452159
32.8284356069
32.8277185592
32.827077785
32.82650068
32.8259773355
32.8254998505
32.8250618447
32.8246581055
32.8242843305
32.8239369342
32.823612903
32.8233096838
32.8230250977
32.8227572729
32.8225045916
32.822265647
32.8220392097
32.8218241999
32.8216196649
32.8214247603
32.8212387349
32.8210609176
32.820890707
32.8207275622
32.8205709953
32.8204205648
32.82027587
32.8201365462
32.8200022611
32.8198727106
32.819747616
32.8196267214
32.8195097913
32.8193966085
32.8192869723
32.819180697
32.8190776104
32.8189775524
32.8188803745
32.8187859378
32.8186941133
32.8186047799
32.8185178248
32.8184331421
32.8183506324
32.8182702026
32.8181917649
32.8181152369
32.8180405409
32.8179676035
32.8178963556
32.8178267317
32.81775867
32.8176921119
32.8176270019
32.8175632873
32.8175009183
32.8174398474
32.8173800294
32.8173214214
32.8172639825
32.8172076738
32.8171524583
32.8170983004
32.8170451663
32.8169930238
32.8169418421
32.8168915914
32.8168422437
32.8167937718
32.8167461498
32.8166993529
32.8166533573
32.81660814
32.8165636791
32.8165199536
32.8164769431
32.8164346282
32.8163929901
32.8163520108
32.816311673
32.8162719598
32.8162328553
32.8161943438
32.8161564104
32.8161190407
32.8160822207
32.8160459369
32.8160101764
32.8159749266
32.8159401753
32.8159059109
32.8158721219
32.8158387974
32.8158059268
32.8157734998
32.8157415064
32.8157099371
32.8156787824
32.8156480333
32.815617681
32.815587717
32.8155581331
32.8155289212
32.8155000736
32.8154715826
32.8154434411
32.8154156418
32.8153881779
32.8153610426
32.8153342294
32.8153077319
32.815281544
32.8152556596
32.815230073
32.8152047784
32.8151797703
32.8151550433
32.8151305921
32.8151064117
32.8150824971
32.8150588434
32.8150354459
32.8150122999
32.8149894011
32.814966745
32.8149443273
32.814922144
32.8149001908
32.8148784639
32.8148569594
32.8148356735
32.8148146025
32.8147937428
32.8147730909
32.8147526434
32.814732397
32.8147123482
32.814692494
32.8146728312
32.8146533567
32.8146340676
32.8146149609
32.8145960338
32.8145772834
32.8145587071
32.8145403021
32.8145220658
32.8145039957
32.8144860892
32.8144683439
32.8144507575
32.8144333274
32.8144160515
32.8143989274
32.814381953
32.8143651261
32.8143484445
32.8143319062
32.8143155092
32.8142992513
32.8142831308
32.8142671456
32.8142512939
32.8142355738
32.8142199835
32.8142045213
32.8141891854
32.814173974
32.8141588856
32.8141439184
32.8141290708
32.8141143413
32.8140997284
32.8140852304
32.8140708459
32.8140565734
32.8140424114
32.8140283586
32.8140144136
32.8140005749
32.8139868412
32.8139732113
32.8139596838
32.8139462575
32.813932931
32.8139197032
32.8139065728
32.8138935387
32.8138805997
32.8138677546
32.8138550023
32.8138423418
32.8138297718
32.8138172914
32.8138048994
32.8137925949
32.8137803768
32.8137682441
32.8137561959
32.8137442311
32.8137323487
32.813720548
32.8137088278
32.8136971874
32.8136856257
32.813674142
32.8136627354
32.8136514049
32.8136401498
32.8136289693
32.8136178624
32.8136068285
32.8135958666
32.8135849761
32.8135741562
32.8135634061
32.813552725
32.8135421123
32.8135315671
32.8135210889
32.8135106768
32.8135003303
32.8134900485
32.8134798309
32.8134696767
32.8134595854
32.8134495563
32.8134395887
32.813429682
32.8134198356
32.813410049
32.8134003214
32.8133906523
32.8133810412
32.8133714874
32.8133619903
32.8133525495
32.8133431644
32.8133338344
32.813324559
32.8133153377
32.8133061698
32.8132970551
32.8132879928
32.8132789826
32.8132700238
32.8132611162
32.813252259
32.813243452
32.8132346945
32.8132259862
32.8132173266
32.8132087152
32.8132001517
32.8131916355
32.8131831662
32.8131747434
32.8131663666
32.8131580355
32.8131497497
32.8131415087
32.8131333121
32.8131251596
32.8131170507
32.8131089851
32.8131009623
32.8130929821
32.8130850439
32.8130771475
32.8130692926
32.8130614786
32.8130537054
32.8130459724
32.8130382795
32.8130306261
32.8130230121
32.8130154371
32.8130079007
32.8130004026
32.8129929425
32.81298552
32.8129781349
32.8129707869
32.8129634756
32.8129562007
32.812948962
32.8129417591
32.8129345917
32.8129274596
32.8129203624
32.8129133
32.8129062719
32.8128992779
32.8128923178
32.8128853913
32.8128784981
32.8128716379
32.8128648105
32.8128580156
32.812851253
32.8128445224
32.8128378236
32.8128311562
32.8128245202
32.8128179151
32.8128113409
32.8128047972
32.8127982838
32.8127918004
32.812785347
32.8127789231
32.8127725286
32.8127661634
32.812759827
32.8127535194
32.8127472404
32.8127409896
32.8127347669
32.8127285721
32.812722405
32.8127162654
32.812710153
32.8127040677
32.8126980093
32.8126919775
32.8126859722
32.8126799932
32.8126740404
32.8126681134
32.8126622121
32.8126563364
32.812650486
32.8126446609
32.8126388607
32.8126330853
32.8126273345
32.8126216083
32.8126159063
32.8126102284
32.8126045745
32.8125989444
32.8125933379
32.8125877549
32.8125821952
32.8125766586
32.8125711449
32.8125656541
32.812560186
32.8125547403
32.812549317
32.8125439159
32.8125385369
32.8125331797
32.8125278444
32.8125225306
32.8125172383
32.8125119672
32.8125067174
32.8125014886
32.8124962807
32.8124910936
32.8124859271
32.812480781
32.8124756554
32.8124705499
32.8124654645
32.8124603991
32.8124553535
32.8124503276
32.8124453212
32.8124403344
32.8124353668
32.8124304184
32.8124254891
32.8124205787
32.8124156872
32.8124108144
32.8124059601
32.8124011244
32.812396307
32.8123915078
32.8123867268
32.8123819637
32.8123772186
32.8123724913
32.8123677816
32.8123630895
32.8123584149
32.8123537576
32.8123491176
32.8123444947
32.8123398889
32.8123353
32.8123307279
32.8123261725
32.8123216338
32.8123171116
32.8123126058
32.8123081164
32.8123036431
32.812299186
32.812294745
32.8122903199
32.8122859106
32.8122815171
32.8122771392
32.8122727769
32.8122684301
32.8122640987
32.8122597825
32.8122554816
32.8122511957
32.8122469249
32.8122426691
32.8122384281
32.8122342018
32.8122299902
32.8122257933
32.8122216108
32.8122174428
32.8122132891
32.8122091497
32.8122050245
32.8122009134
32.8121968163
32.8121927332
32.8121886639
32.8121846084
32.8121805666
32.8121765385
32.8121725239
32.8121685228
32.8121645351
32.8121605607
32.8121565996
32.8121526517
32.8121487169
32.8121447952
32.8121408864
32.8121369905
32.8121331074
32.8121292371
32.8121253795
32.8121215345
32.8121177021
32.8121138821
32.8121100746
32.8121062794
32.8121024965
32.8120987258
32.8120949673
32.8120912208
32.8120874864
32.8120837639
32.8120800534
32.8120763546
32.8120726676
32.8120689924
32.8120653288
32.8120616767
32.8120580362
32.8120544072
32.8120507896
32.8120471833
32.8120435883
32.8120400045
32.8120364319
32.8120328704
32.81202932
32.8120257805
32.8120222521
32.8120187344
32.8120152277
32.8120117317
32.8120082464
32.8120047718
32.8120013077
32.8119978543
32.8119944114
32.8119909789
32.8119875568
32.811984145
32.8119807436
32.8119773524
32.8119739713
32.8119706005
32.8119672397
32.8119638889
32.8119605482
32.8119572174
32.8119538965
32.8119505854
32.8119472841
32.8119439926
32.8119407108
32.8119374386
32.811934176
32.811930923
32.8119276795
32.8119244455
32.8119212209
32.8119180057
32.8119147998
32.8119116032
32.8119084158
32.8119052376
32.8119020686
32.8118989087
32.8118957579
32.811892616
32.8118894832
32.8118863593
32.8118832443
32.8118801381
32.8118770408
32.8118739522
32.8118708724
32.8118678012
32.8118647387
32.8118616848
32.8118586395
32.8118556027
32.8118525743
32.8118495545
32.811846543
32.8118435399
32.8118405452
32.8118375587
32.8118345805
32.8118316105
32.8118286487
32.811825695
32.8118227495
32.811819812
32.8118168825
32.8118139611
32.8118110476
32.811808142
32.8118052443
32.8118023545
32.8117994724
32.8117965982
32.8117937317
32.8117908729
32.8117880219
32.8117851784
32.8117823426
32.8117795143
32.8117766936
32.8117738804
32.8117710746
32.8117682764
32.8117654855
32.811762702
32.8117599258
32.811757157
32.8117543954
32.8117516411
32.8117488941
32.8117461542
32.8117434214
32.8117406958
32.8117379773
32.8117352658
32.8117325614
32.811729864
32.8117271736
32.8117244901
32.8117218135
32.8117191438
32.8117164809
32.8117138249
32.8117111757
32.8117085332
32.8117058975
32.8117032685
32.8117006462
32.8116980305
32.8116954215
32.8116928191
32.8116902232
32.8116876339
32.8116850511
32.8116824747
32.8116799049
32.8116773415
32.8116747845
32.8116722338
32.8116696896
32.8116671516
32.81166462
32.8116620946
32.8116595755
32.8116570626
32.8116545559
32.8116520554
32.8116495611
32.8116470728
32.8116445907
32.8116421146
32.8116396446
32.8116371806
32.8116347227
32.8116322707
32.8116298246
32.8116273845
32.8116249503
32.8116225219
32.8116200995
32.8116176828
32.811615272
32.811612867
32.8116104677
32.8116080742
32.8116056864
32.8116033042
32.8116009278
32.811598557
32.8115961919
32.8115938323
32.8115914784
32.81158913
32.8115867871
32.8115844498
32.8115821179
32.8115797916
32.8115774707
32.8115751552
32.8115728452
32.8115705405
32.8115682412
32.8115659473
32.8115636587
32.8115613754
32.8115590974
32.8115568246
32.8115545571
32.8115522949
32.8115500378
32.811547786
32.8115455393
32.8115432977
32.8115410613
32.81153883
32.8115366038
32.8115343827
32.8115321666
32.8115299556
32.8115277495
32.8115255485
32.8115233524
32.8115211613
32.8115189752
32.8115167939
32.8115146176
32.8115124462
32.8115102796
32.8115081178
32.8115059609
32.8115038089
32.8115016616
32.8114995191
32.8114973813
32.8114952483
32.81149312
32.8114909964
32.8114888775
32.8114867633
32.8114846537
32.8114825488
32.8114804485
32.8114783528
32.8114762617
32.8114741752
32.8114720932
32.8114700158
32.8114679429
32.8114658745
32.8114638105
32.8114617511
32.8114596961
32.8114576456
32.8114555994
32.8114535577
32.8114515204
32.8114494875
32.8114474589
32.8114454347
32.8114434148
32.8114413992
32.8114393879
32.811437381
32.8114353782
32.8114333798
32.8114313856
32.8114293956
32.8114274098
32.8114254282
32.8114234508
32.8114214776
32.8114195085
32.8114175435
32.8114155827
32.811413626
32.8114116734
32.8114097248
32.8114077804
32.81140584
32.8114039036
32.8114019712
32.8114000429
32.8113981185
32.8113961982
32.8113942818
32.8113923694
32.8113904609
32.8113885563
32.8113866556
32.8113847589
32.811382866
32.8113809771
32.811379092
32.8113772107
32.8113753333
32.8113734597
32.8113715899
32.8113697239
32.8113678616
32.8113660032
32.8113641485
32.8113622976
32.8113604504
32.8113586069
32.8113567672
32.8113549311
32.8113530987
32.81135127
32.8113494449
32.8113476235
32.8113458058
32.8113439916
32.8113421811
32.8113403742
32.8113385708
32.8113367711
32.8113349749
32.8113331822
32.8113313931
32.8113296076
32.8113278255
32.811326047
32.8113242719
32.8113225003
32.8113207322
32.8113189676
32.8113172064
32.8113154487
32.8113136944
32.8113119435
32.811310196
32.8113084519
32.8113067112
32.8113049738
32.8113032399
32.8113015092
32.8112997819
32.811298058
32.8112963373
32.81129462
32.811292906
32.8112911953
32.8112894878
32.8112877836
32.8112860827
32.811284385
32.8112826905
32.8112809993
32.8112793113
32.8112776264
32.8112759448
32.8112742664
32.8112725911
32.8112709191
32.8112692501
32.8112675843
32.8112659217
32.8112642622
32.8112626057
32.8112609524
32.8112593022
32.8112576551
32.8112560111
32.8112543701
32.8112527322
32.8112510973
32.8112494655
32.8112478367
32.8112462109
32.8112445882
32.8112429684
32.8112413517
32.8112397379
32.8112381271
32.8112365192
32.8112349143
32.8112333124
32.8112317134
32.8112301173
32.8112285242
32.811226934
32.8112253466
32.8112237622
32.8112221807
32.811220602
32.8112190262
32.8112174532
32.8112158832
32.8112143159
32.8112127515
32.8112111899
32.8112096311
32.8112080752
32.811206522
32.8112049716
32.811203424
32.8112018792
32.8112003372
32.8111987979
32.8111972614
32.8111957276
32.8111941965
32.8111926682
32.8111911426
32.8111896197
32.8111880995
32.811186582
32.8111850672
32.811183555
32.8111820456
32.8111805388
32.8111790346
32.8111775331
32.8111760342
32.811174538
32.8111730444
32.8111715534
32.811170065
32.8111685793
32.8111670961
32.8111656155
32.8111641375
32.811162662
32.8111611891
32.8111597188
32.811158251
32.8111567858
32.8111553231
32.8111538629
32.8111524053
32.8111509502
32.8111494975
32.8111480474
32.8111465997
32.8111451546
32.8111437119
32.8111422717
32.811140834
32.8111393987
32.8111379658
32.8111365354
32.8111351075
32.8111336819
32.8111322588
32.8111308381
32.8111294199
32.811128004
32.8111265905
32.8111251794
32.8111237707
32.8111223643
32.8111209603
32.8111195587
32.8111181595
32.8111167626
32.811115368
32.8111139758
32.8111125859
32.8111111983
32.811109813
32.81110843
32.8111070494
32.811105671
32.811104295
32.8111029212
32.8111015497
32.8111001804
32.8110988135
32.8110974488
32.8110960863
32.8110947261
32.8110933681
32.8110920124
32.8110906589
32.8110893076
32.8110879586
32.8110866117
32.8110852671
32.8110839246
32.8110825843
32.8110812463
32.8110799104
32.8110785767
32.8110772451
32.8110759157
32.8110745885
32.8110732634
32.8110719405
32.8110706197
32.811069301
32.8110679845
32.8110666701
32.8110653578
32.8110640476
32.8110627396
32.8110614336
32.8110601297
32.8110588279
32.8110575282
32.8110562306
32.811054935
32.8110536415
32.8110523501
32.8110510607
32.8110497734
32.8110484881
32.8110472049
32.8110459237
32.8110446445
32.8110433674
32.8110420923
32.8110408191
32.811039548
32.8110382789
32.8110370118
32.8110357467
32.8110344836
32.8110332224
32.8110319633
32.8110307061
32.8110294508
32.8110281976
32.8110269462
32.8110256969
32.8110244495
32.811023204
32.8110219604
32.8110207188
32.8110194791
32.8110182414
32.8110170055
32.8110157716
32.8110145396
32.8110133094
32.8110120812
32.8110108549
32.8110096304
32.8110084079
32.8110071872
32.8110059683
32.8110047514
32.8110035363
32.8110023231
32.8110011117
32.8109999022
32.8109986945
32.8109974886
32.8109962846
32.8109950825
32.8109938821
32.8109926836
32.8109914869
32.810990292
32.8109890989
