23.4885061255
23.3536680497
23.0456801645
22.8493311025
22.8302917695
22.8288943316
22.8283907276
22.8284215769
22.8289071551
22.8298017892
22.8310431098
22.8325356109
22.8341579535
22.835787676
22.8373270909
22.8387160913
22.8399298742
22.8409685954
22.841846329
22.8425829088
22.8431990806
22.8437141043
22.8441448293
22.8445055367
22.8448081282
22.8450624397
22.8452765724
22.8454571952
22.8456098054
22.8457389444
22.8458483739
22.8459412191
22.8460200837
22.8460871428
22.846144218
22.8461928388
22.8462342917
22.846269661
22.8462998624
22.8463256698
22.8463477386
22.8463666241
22.8463827976
22.8463966593
22.8464085491
22.8464187562
22.8464275265
22.8464350696
22.8464415639
22.8464471612
22.8464519912
22.8464561643
22.8464597749
22.8464629033
22.8464656182
22.8464679782
22.8464700333
22.8464718264
22.8464733941
22.8464747675
22.8464759735
22.846477035
22.8464779715
22.8464787999
22.8464795346
22.8464801879
22.8464807704
22.8464812913
22.8464817583
22.8464821782
22.8464825568
22.8464828992
22.8464832095
22.8464834917
22.8464837488
22.8464839837
22.8464841989
22.8464843964
22.8464845781
22.8464847457
22.8464849004
22.8464850436
22.8464851764
22.8464852996
22.8464854142
22.8464855209
22.8464856203
22.8464857131
22.8464857998
22.8464858808
22.8464859566
22.8464860275
22.846486094
22.8464861563
22.8464862147
22.8464862695
22.8464863209
22.8464863691
22.8464864143
22.8464864568
22.8464864966
22.846486534
22.8464865691
22.8464866019
22.8464866328
22.8464866616
22.8464866887
22.846486714
22.8464867377
22.8464867599
22.8464867806
22.8464868
22.846486818
22.8464868348
22.8464868505
22.846486865
22.8464868785
22.846486891
22.8464869026
22.8464869133
22.8464869232
22.8464869322
22.8464869405
22.8464869481
22.846486955
22.8464869613
22.8464869669
22.846486972
22.8464869766
22.8464869806
22.8464869841
22.8464869872
22.8464869898
22.846486992
22.8464869938
22.8464869952
22.8464869962
22.846486997
22.8464869974
22.8464869975
22.8464869973
22.8464869968
22.8464869961
22.8464869951
22.8464869939
22.8464869925
22.8464869908
22.846486989
22.8464869869
22.8464869847
22.8464869823
22.8464869798
22.8464869771
22.8464869742
22.8464869713
22.8464869681
22.8464869649
22.8464869615
22.8464869581
22.8464869545
22.8464869508
22.846486947
22.8464869432
22.8464869392
22.8464869352
22.8464869311
22.8464869269
22.8464869227
22.8464869183
22.846486914
22.8464869095
22.846486905
22.8464869005
22.8464868959
22.8464868912
22.8464868865
22.8464868818
22.846486877
22.8464868722
22.8464868673
22.8464868624
22.8464868575
22.8464868525
22.8464868475
22.8464868425
22.8464868375
22.8464868324
22.8464868273
22.8464868222
22.846486817
22.8464868118
22.8464868067
22.8464868015
22.8464867962
22.846486791
22.8464867857
22.8464867805
22.8464867752
22.8464867699
22.8464867646
22.8464867592
22.8464867539
22.8464867485
22.8464867432
22.8464867378
22.8464867324
22.846486727
22.8464867216
22.8464867162
22.8464867108
22.8464867054
22.8464866999
22.8464866945
22.846486689
22.8464866836
22.8464866781
22.8464866727
22.8464866672
22.8464866617
22.8464866562
22.8464866507
22.8464866452
22.8464866397
22.8464866342
22.8464866287
22.8464866232
22.8464866177
22.8464866122
22.8464866067
22.8464866011
22.8464865956
22.8464865901
22.8464865845
22.846486579
22.8464865735
22.8464865679
22.8464865624
22.8464865568
22.8464865513
22.8464865457
22.8464865402
22.8464865346
22.8464865291
22.8464865235
22.8464865179
22.8464865124
22.8464865068
22.8464865012
22.8464864957
22.8464864901
22.8464864845
22.8464864789
22.8464864734
22.8464864678
22.8464864622
22.8464864566
22.846486451
22.8464864455
22.8464864399
22.8464864343
22.8464864287
22.8464864231
22.8464864175
22.8464864119
22.8464864063
22.8464864007
22.8464863951
22.8464863895
22.8464863839
22.8464863783
22.8464863727
22.8464863671
22.8464863615
22.8464863559
22.8464863503
22.8464863447
22.8464863391
22.8464863335
22.8464863279
22.8464863223
22.8464863167
22.8464863111
22.8464863055
22.8464862998
22.8464862942
22.8464862886
22.846486283
22.8464862774
22.8464862718
22.8464862661
22.8464862605
22.8464862549
22.8464862493
22.8464862436
22.846486238
22.8464862324
22.8464862268
22.8464862211
22.8464862155
22.8464862099
22.8464862043
22.8464861986
22.846486193
22.8464861874
22.8464861817
22.8464861761
22.8464861705
22.8464861648
22.8464861592
22.8464861536
22.8464861479
22.8464861423
22.8464861366
22.846486131
22.8464861254
22.8464861197
22.8464861141
22.8464861084
22.8464861028
22.8464860971
22.8464860915
22.8464860858
22.8464860802
22.8464860745
22.8464860689
22.8464860632
22.8464860576
22.8464860519
22.8464860463
22.8464860406
22.846486035
22.8464860293
22.8464860237
22.846486018
22.8464860123
22.8464860067
22.846486001
22.8464859954
22.8464859897
22.846485984
22.8464859784
22.8464859727
22.846485967
22.8464859614
22.8464859557
22.84648595
22.8464859444
22.8464859387
22.846485933
22.8464859274
22.8464859217
22.846485916
22.8464859103
22.8464859047
22.846485899
22.8464858933
22.8464858876
22.846485882
22.8464858763
22.8464858706
22.8464858649
22.8464858592
22.8464858536
22.8464858479
22.8464858422
22.8464858365
22.8464858308
22.8464858251
22.8464858194
22.8464858138
22.8464858081
22.8464858024
22.8464857967
22.846485791
22.8464857853
22.8464857796
22.8464857739
22.8464857682
22.8464857625
22.8464857568
22.8464857511
22.8464857454
22.8464857397
22.846485734
22.8464857283
22.8464857226
22.8464857169
22.8464857112
22.8464857055
22.8464856998
22.8464856941
22.8464856884
22.8464856827
22.846485677
22.8464856713
22.8464856656
22.8464856599
22.8464856542
22.8464856484
22.8464856427
22.846485637
22.8464856313
22.8464856256
22.8464856199
22.8464856141
22.8464856084
22.8464856027
22.846485597
22.8464855913
22.8464855855
22.8464855798
22.8464855741
22.8464855684
22.8464855627
22.8464855569
22.8464855512
22.8464855455
22.8464855397
22.846485534
22.8464855283
22.8464855226
22.8464855168
22.8464855111
22.8464855054
22.8464854996
22.8464854939
22.8464854881
22.8464854824
22.8464854767
22.8464854709
22.8464854652
22.8464854595
22.8464854537
22.846485448
22.8464854422
22.8464854365
22.8464854307
22.846485425
22.8464854192
22.8464854135
22.8464854078
22.846485402
22.8464853963
22.8464853905
22.8464853847
22.846485379
22.8464853732
22.8464853675
22.8464853617
22.846485356
22.8464853502
22.8464853445
22.8464853387
22.8464853329
22.8464853272
22.8464853214
22.8464853157
22.8464853099
22.8464853041
22.8464852984
22.8464852926
22.8464852868
22.8464852811
22.8464852753
22.8464852695
22.8464852638
22.846485258
22.8464852522
22.8464852465
22.8464852407
22.8464852349
22.8464852291
22.8464852234
22.8464852176
22.8464852118
22.846485206
22.8464852002
22.8464851945
22.8464851887
22.8464851829
22.8464851771
22.8464851713
22.8464851656
22.8464851598
22.846485154
22.8464851482
22.8464851424
22.8464851366
22.8464851308
22.846485125
22.8464851192
22.8464851135
22.8464851077
22.8464851019
22.8464850961
22.8464850903
22.8464850845
22.8464850787
22.8464850729
22.8464850671
22.8464850613
22.8464850555
22.8464850497
22.8464850439
22.8464850381
22.8464850323
22.8464850265
22.8464850207
22.8464850149
22.8464850091
22.8464850032
22.8464849974
22.8464849916
22.8464849858
22.84648498
22.8464849742
22.8464849684
22.8464849626
22.8464849567
22.8464849509
22.8464849451
22.8464849393
22.8464849335
22.8464849277
22.8464849218
22.846484916
22.8464849102
22.8464849044
22.8464848985
22.8464848927
22.8464848869
22.8464848811
22.8464848752
22.8464848694
22.8464848636
22.8464848578
22.8464848519
22.8464848461
22.8464848403
22.8464848344
22.8464848286
22.8464848228
22.8464848169
22.8464848111
22.8464848052
22.8464847994
22.8464847936
22.8464847877
22.8464847819
22.846484776
22.8464847702
22.8464847643
22.8464847585
22.8464847527
22.8464847468
22.846484741
22.8464847351
22.8464847293
22.8464847234
22.8464847176
22.8464847117
22.8464847059
22.8464847
22.8464846941
22.8464846883
22.8464846824
22.8464846766
22.8464846707
22.8464846649
22.846484659
22.8464846531
22.8464846473
22.8464846414
22.8464846356
22.8464846297
22.8464846238
22.846484618
22.8464846121
22.8464846062
22.8464846004
22.8464845945
22.8464845886
22.8464845827
22.8464845769
22.846484571
22.8464845651
22.8464845592
22.8464845534
22.8464845475
22.8464845416
22.8464845357
22.8464845299
22.846484524
22.8464845181
22.8464845122
22.8464845063
22.8464845004
22.8464844946
22.8464844887
22.8464844828
22.8464844769
22.846484471
22.8464844651
22.8464844592
22.8464844533
22.8464844474
22.8464844416
22.8464844357
22.8464844298
22.8464844239
22.846484418
22.8464844121
22.8464844062
22.8464844003
22.8464843944
22.8464843885
22.8464843826
22.8464843767
22.8464843708
22.8464843649
22.846484359
22.8464843531
22.8464843471
22.8464843412
22.8464843353
22.8464843294
22.8464843235
22.8464843176
22.8464843117
22.8464843058
22.8464842999
22.8464842939
22.846484288
22.8464842821
22.8464842762
22.8464842703
22.8464842644
22.8464842584
22.8464842525
22.8464842466
22.8464842407
22.8464842347
22.8464842288
22.8464842229
22.846484217
22.846484211
22.8464842051
22.8464841992
22.8464841932
22.8464841873
22.8464841814
22.8464841755
22.8464841695
22.8464841636
22.8464841576
22.8464841517
22.8464841458
22.8464841398
22.8464841339
22.846484128
22.846484122
22.8464841161
22.8464841101
22.8464841042
22.8464840982
22.8464840923
22.8464840863
22.8464840804
22.8464840745
22.8464840685
22.8464840626
22.8464840566
22.8464840506
22.8464840447
22.8464840387
22.8464840328
22.8464840268
22.8464840209
22.8464840149
22.846484009
22.846484003
22.846483997
22.8464839911
22.8464839851
22.8464839792
22.8464839732
22.8464839672
22.8464839613
22.8464839553
22.8464839493
22.8464839434
22.8464839374
22.8464839314
22.8464839254
22.8464839195
22.8464839135
22.8464839075
22.8464839016
22.8464838956
22.8464838896
22.8464838836
22.8464838776
22.8464838717
22.8464838657
22.8464838597
22.8464838537
22.8464838477
22.8464838418
22.8464838358
22.8464838298
22.8464838238
22.8464838178
22.8464838118
22.8464838058
22.8464837998
22.8464837939
22.8464837879
22.8464837819
22.8464837759
22.8464837699
22.8464837639
22.8464837579
22.8464837519
22.8464837459
22.8464837399
22.8464837339
22.8464837279
22.8464837219
22.8464837159
22.8464837099
22.8464837039
22.8464836979
22.8464836919
22.8464836859
22.8464836798
22.8464836738
22.8464836678
22.8464836618
22.8464836558
22.8464836498
22.8464836438
22.8464836378
22.8464836317
22.8464836257
22.8464836197
22.8464836137
22.8464836077
22.8464836016
22.8464835956
22.8464835896
22.8464835836
22.8464835776
22.8464835715
22.8464835655
22.8464835595
22.8464835535
22.8464835474
22.8464835414
22.8464835354
22.8464835293
22.8464835233
22.8464835173
22.8464835112
22.8464835052
22.8464834992
22.8464834931
22.8464834871
22.846483481
22.846483475
22.846483469
22.8464834629
22.8464834569
22.8464834508
22.8464834448
22.8464834387
22.8464834327
22.8464834267
22.8464834206
22.8464834146
22.8464834085
22.8464834025
22.8464833964
22.8464833903
22.8464833843
22.8464833782
22.8464833722
22.8464833661
22.8464833601
22.846483354
22.8464833479
22.8464833419
22.8464833358
22.8464833298
22.8464833237
22.8464833176
22.8464833116
22.8464833055
22.8464832994
22.8464832934
22.8464832873
22.8464832812
22.8464832752
22.8464832691
22.846483263
22.8464832569
22.8464832509
22.8464832448
22.8464832387
22.8464832326
22.8464832266
22.8464832205
22.8464832144
22.8464832083
22.8464832022
22.8464831962
22.8464831901
22.846483184
22.8464831779
22.8464831718
22.8464831657
22.8464831596
22.8464831536
22.8464831475
22.8464831414
22.8464831353
22.8464831292
22.8464831231
22.846483117
22.8464831109
22.8464831048
22.8464830987
22.8464830926
22.8464830865
22.8464830804
22.8464830743
22.8464830682
22.8464830621
22.846483056
22.8464830499
22.8464830438
22.8464830377
22.8464830316
22.8464830255
22.8464830193
22.8464830132
22.8464830071
22.846483001
22.8464829949
22.8464829888
22.8464829827
22.8464829765
22.8464829704
22.8464829643
22.8464829582
22.8464829521
22.846482946
22.8464829398
22.8464829337
22.8464829276
22.8464829215
22.8464829153
22.8464829092
22.8464829031
22.8464828969
22.8464828908
22.8464828847
22.8464828786
22.8464828724
22.8464828663
22.8464828602
22.846482854
22.8464828479
22.8464828417
22.8464828356
22.8464828295
22.8464828233
22.8464828172
22.846482811
22.8464828049
22.8464827988
22.8464827926
22.8464827865
22.8464827803
22.8464827742
22.846482768
22.8464827619
22.8464827557
22.8464827496
22.8464827434
22.8464827373
22.8464827311
22.8464827249
22.8464827188
22.8464827126
22.8464827065
22.8464827003
22.8464826942
22.846482688
22.8464826818
22.8464826757
22.8464826695
22.8464826633
22.8464826572
22.846482651
22.8464826448
22.8464826387
22.8464826325
22.8464826263
22.8464826201
22.846482614
22.8464826078
22.8464826016
22.8464825955
22.8464825893
22.8464825831
22.8464825769
22.8464825707
22.8464825646
22.8464825584
22.8464825522
22.846482546
22.8464825398
22.8464825336
22.8464825275
22.8464825213
22.8464825151
22.8464825089
22.8464825027
22.8464824965
22.8464824903
22.8464824841
22.8464824779
22.8464824717
22.8464824655
22.8464824593
22.8464824531
22.8464824469
22.8464824407
22.8464824345
22.8464824283
22.8464824221
22.8464824159
22.8464824097
22.8464824035
22.8464823973
22.8464823911
22.8464823849
22.8464823787
22.8464823725
22.8464823663
22.8464823601
22.8464823538
22.8464823476
22.8464823414
22.8464823352
22.846482329
22.8464823228
22.8464823165
22.8464823103
22.8464823041
22.8464822979
22.8464822916
22.8464822854
22.8464822792
22.846482273
22.8464822667
22.8464822605
22.8464822543
22.8464822481
22.8464822418
22.8464822356
22.8464822294
22.8464822231
22.8464822169
22.8464822107
22.8464822044
22.8464821982
22.8464821919
22.8464821857
22.8464821795
22.8464821732
22.846482167
22.8464821607
22.8464821545
22.8464821482
22.846482142
22.8464821357
22.8464821295
22.8464821232
22.846482117
22.8464821107
22.8464821045
22.8464820982
22.846482092
22.8464820857
22.8464820795
22.8464820732
22.846482067
22.8464820607
22.8464820544
