38.4007020221
38.1192368608
38.0288491232
38.0145428102
38.0110261261
38.0093166673
38.0080079159
38.0069762632
38.006242439
38.0057402632
38.0053999733
38.0051691556
38.005011588
38.0049029523
38.004827091
38.0047732934
38.0047344487
38.0047058195
38.0046842352
38.0046675626
38.0046543577
38.0046436368
38.0046347248
38.0046271544
38.0046205989
38.0046148274
38.0046096749
38.0046050215
38.0046007786
38.00459688
38.004593275
38.004589924
38.0045867956
38.0045838646
38.00458111
38.0045785145
38.0045760632
38.0045737434
38.004571544
38.0045694555
38.0045674691
38.0045655774
38.0045637735
38.0045620511
38.0045604049
38.0045588297
38.0045573209
38.0045558744
38.0045544864
38.0045531532
38.0045518717
38.0045506389
38.0045494521
38.0045483086
38.0045472062
38.0045461426
38.0045451158
38.0045441239
38.0045431651
38.0045422379
38.0045413406
38.0045404718
38.0045396302
38.0045388145
38.0045380235
38.0045372561
38.0045365112
38.0045357879
38.0045350853
38.0045344024
38.0045337384
38.0045330926
38.0045324642
38.0045318526
38.0045312569
38.0045306767
38.0045301114
38.0045295603
38.0045290229
38.0045284987
38.0045279873
38.0045274881
38.0045270008
38.0045265249
38.00452606
38.0045256058
38.0045251618
38.0045247278
38.0045243033
38.0045238882
38.004523482
38.0045230845
38.0045226954
38.0045223145
38.0045219414
38.004521576
38.004521218
38.0045208672
38.0045205234
38.0045201863
38.0045198559
38.0045195318
38.0045192138
38.0045189019
38.0045185959
38.0045182955
38.0045180007
38.0045177112
38.004517427
38.0045171478
38.0045168736
38.0045166042
38.0045163396
38.0045160794
38.0045158238
38.0045155725
38.0045153254
38.0045150824
38.0045148435
38.0045146084
38.0045143772
38.0045141498
38.0045139259
38.0045137057
38.0045134889
38.0045132754
38.0045130653
38.0045128585
38.0045126548
38.0045124541
38.0045122565
38.0045120619
38.0045118701
38.0045116811
38.0045114949
38.0045113114
38.0045111306
38.0045109523
38.0045107765
38.0045106033
38.0045104324
38.0045102639
38.0045100977
38.0045099339
38.0045097722
38.0045096127
38.0045094554
38.0045093001
38.0045091469
38.0045089957
38.0045088465
38.0045086993
38.0045085539
38.0045084104
38.0045082687
38.0045081288
38.0045079906
38.0045078542
38.0045077195
38.0045075864
38.0045074549
38.0045073251
38.0045071968
38.0045070701
38.0045069449
38.0045068212
38.0045066989
38.0045065781
38.0045064586
38.0045063406
38.0045062239
38.0045061086
38.0045059946
38.0045058818
38.0045057704
38.0045056601
38.0045055512
38.0045054434
38.0045053368
38.0045052314
38.0045051271
38.0045050239
38.0045049219
38.004504821
38.0045047211
38.0045046223
38.0045045245
38.0045044278
38.0045043321
38.0045042373
38.0045041436
38.0045040508
38.004503959
38.004503868
38.0045037781
38.004503689
38.0045036008
38.0045035135
38.004503427
38.0045033414
38.0045032567
38.0045031727
38.0045030896
38.0045030073
38.0045029258
38.0045028451
38.0045027651
38.0045026859
38.0045026074
38.0045025297
38.0045024527
38.0045023764
38.0045023009
38.004502226
38.0045021518
38.0045020783
38.0045020054
38.0045019333
38.0045018617
38.0045017908
38.0045017206
38.004501651
38.0045015819
38.0045015135
38.0045014457
38.0045013785
38.0045013119
38.0045012458
38.0045011803
38.0045011154
38.004501051
38.0045009872
38.0045009239
38.0045008612
38.004500799
38.0045007373
38.0045006761
38.0045006154
38.0045005552
38.0045004955
38.0045004363
38.0045003776
38.0045003194
38.0045002616
38.0045002043
38.0045001475
38.0045000911
38.0045000352
38.0044999797
38.0044999246
38.00449987
38.0044998158
38.0044997621
38.0044997087
38.0044996558
38.0044996032
38.0044995511
38.0044994994
38.0044994481
38.0044993971
38.0044993466
38.0044992964
38.0044992466
38.0044991971
38.0044991481
38.0044990994
38.0044990511
38.0044990031
38.0044989554
38.0044989082
38.0044988612
38.0044988146
38.0044987684
38.0044987225
38.0044986769
38.0044986316
38.0044985867
38.004498542
38.0044984977
38.0044984537
38.00449841
38.0044983667
38.0044983236
38.0044982808
38.0044982383
38.0044981961
38.0044981542
38.0044981126
38.0044980713
38.0044980302
38.0044979895
38.004497949
38.0044979088
38.0044978688
38.0044978291
38.0044977897
38.0044977506
38.0044977117
38.004497673
38.0044976346
38.0044975965
38.0044975586
38.004497521
38.0044974836
38.0044974464
38.0044974095
38.0044973729
38.0044973364
38.0044973002
38.0044972643
38.0044972285
38.004497193
38.0044971577
38.0044971226
38.0044970878
38.0044970531
38.0044970187
38.0044969845
38.0044969505
38.0044969167
38.0044968832
38.0044968498
38.0044968166
38.0044967837
38.0044967509
38.0044967183
38.004496686
38.0044966538
38.0044966218
38.00449659
38.0044965584
38.004496527
38.0044964958
38.0044964648
38.0044964339
38.0044964032
38.0044963727
38.0044963424
38.0044963123
38.0044962823
38.0044962525
38.0044962229
38.0044961935
38.0044961642
38.0044961351
38.0044961061
38.0044960773
38.0044960487
38.0044960203
38.004495992
38.0044959638
38.0044959359
38.004495908
38.0044958804
38.0044958529
38.0044958255
38.0044957983
38.0044957712
38.0044957443
38.0044957176
38.004495691
38.0044956645
38.0044956382
38.004495612
38.004495586
38.0044955601
38.0044955343
38.0044955087
38.0044954832
38.0044954578
38.0044954326
38.0044954075
38.0044953826
38.0044953578
38.0044953331
38.0044953085
38.0044952841
38.0044952598
38.0044952356
38.0044952116
38.0044951877
38.0044951639
38.0044951402
38.0044951167
38.0044950932
38.0044950699
38.0044950467
38.0044950236
38.0044950007
38.0044949778
38.0044949551
38.0044949325
38.00449491
38.0044948876
38.0044948654
38.0044948432
38.0044948211
38.0044947992
38.0044947774
38.0044947556
38.004494734
38.0044947125
38.0044946911
38.0044946698
38.0044946486
38.0044946275
38.0044946065
38.0044945856
38.0044945648
38.0044945442
38.0044945236
38.0044945031
38.0044944827
38.0044944624
38.0044944422
38.0044944221
38.0044944021
38.0044943822
38.0044943623
38.0044943426
38.004494323
38.0044943034
38.004494284
38.0044942646
38.0044942454
38.0044942262
38.0044942071
38.0044941881
38.0044941692
38.0044941504
38.0044941316
38.004494113
38.0044940944
38.0044940759
38.0044940575
38.0044940392
38.0044940209
38.0044940028
38.0044939847
38.0044939667
38.0044939488
38.004493931
38.0044939132
38.0044938956
38.004493878
38.0044938605
38.004493843
38.0044938257
38.0044938084
38.0044937912
38.004493774
38.004493757
38.00449374
38.0044937231
38.0044937062
38.0044936895
38.0044936728
38.0044936562
38.0044936396
38.0044936231
38.0044936067
38.0044935904
38.0044935741
38.0044935579
38.0044935418
38.0044935258
38.0044935098
38.0044934938
38.004493478
38.0044934622
38.0044934465
38.0044934308
38.0044934152
38.0044933997
38.0044933842
38.0044933688
38.0044933535
38.0044933382
38.004493323
38.0044933079
38.0044932928
38.0044932778
38.0044932628
38.0044932479
38.0044932331
38.0044932183
38.0044932036
38.0044931889
38.0044931743
38.0044931598
38.0044931453
38.0044931309
38.0044931165
38.0044931022
38.004493088
38.0044930738
38.0044930596
38.0044930455
38.0044930315
38.0044930175
38.0044930036
38.0044929898
38.004492976
38.0044929622
38.0044929485
38.0044929349
38.0044929213
38.0044929077
38.0044928943
38.0044928808
38.0044928674
38.0044928541
38.0044928408
38.0044928276
38.0044928144
38.0044928013
38.0044927882
38.0044927752
38.0044927622
38.0044927493
38.0044927364
38.0044927236
38.0044927108
38.0044926981
38.0044926854
38.0044926728
38.0044926602
38.0044926476
38.0044926351
38.0044926227
38.0044926103
38.0044925979
38.0044925856
38.0044925733
38.0044925611
38.004492549
38.0044925368
38.0044925247
38.0044925127
38.0044925007
38.0044924887
38.0044924768
38.004492465
38.0044924531
38.0044924414
38.0044924296
38.0044924179
38.0044924063
38.0044923947
38.0044923831
38.0044923716
38.0044923601
38.0044923486
38.0044923372
38.0044923259
38.0044923146
38.0044923033
38.004492292
38.0044922808
38.0044922697
38.0044922585
38.0044922475
38.0044922364
38.0044922254
38.0044922144
38.0044922035
38.0044921926
38.0044921818
38.0044921709
38.0044921602
38.0044921494
38.0044921387
38.004492128
38.0044921174
38.0044921068
38.0044920963
38.0044920857
38.0044920752
38.0044920648
38.0044920544
38.004492044
38.0044920337
38.0044920233
38.0044920131
38.0044920028
38.0044919926
38.0044919825
38.0044919723
38.0044919622
38.0044919522
38.0044919421
38.0044919321
38.0044919222
38.0044919122
38.0044919023
38.0044918924
38.0044918826
38.0044918728
38.004491863
38.0044918533
38.0044918436
38.0044918339
38.0044918243
38.0044918147
38.0044918051
38.0044917955
38.004491786
38.0044917765
38.0044917671
38.0044917576
38.0044917482
38.0044917389
38.0044917295
38.0044917202
38.004491711
38.0044917017
38.0044916925
38.0044916833
38.0044916742
38.004491665
38.0044916559
38.0044916469
38.0044916378
38.0044916288
38.0044916198
38.0044916109
38.004491602
38.0044915931
38.0044915842
38.0044915753
38.0044915665
38.0044915577
38.004491549
38.0044915402
38.0044915315
38.0044915229
38.0044915142
38.0044915056
38.004491497
38.0044914884
38.0044914799
38.0044914714
38.0044914629
38.0044914544
38.004491446
38.0044914375
38.0044914292
38.0044914208
38.0044914125
38.0044914041
38.0044913959
38.0044913876
38.0044913794
38.0044913711
38.004491363
38.0044913548
38.0044913467
38.0044913385
38.0044913304
38.0044913224
38.0044913143
38.0044913063
38.0044912983
38.0044912904
38.0044912824
38.0044912745
38.0044912666
38.0044912587
38.0044912509
38.004491243
38.0044912352
38.0044912275
38.0044912197
38.004491212
38.0044912042
38.0044911966
38.0044911889
38.0044911812
38.0044911736
38.004491166
38.0044911584
38.0044911509
38.0044911433
38.0044911358
38.0044911283
38.0044911209
38.0044911134
38.004491106
38.0044910986
38.0044910912
38.0044910838
38.0044910765
38.0044910692
38.0044910618
38.0044910546
38.0044910473
38.0044910401
38.0044910328
38.0044910256
38.0044910185
38.0044910113
38.0044910042
38.0044909971
38.00449099
38.0044909829
38.0044909758
38.0044909688
38.0044909618
38.0044909548
38.0044909478
38.0044909408
38.0044909339
38.004490927
38.0044909201
38.0044909132
38.0044909063
38.0044908995
38.0044908926
38.0044908858
38.004490879
38.0044908723
38.0044908655
38.0044908588
38.0044908521
38.0044908454
38.0044908387
38.004490832
38.0044908254
38.0044908188
38.0044908122
38.0044908056
38.004490799
38.0044907924
38.0044907859
38.0044907794
38.0044907729
38.0044907664
38.0044907599
38.0044907535
38.0044907471
38.0044907406
38.0044907343
38.0044907279
38.0044907215
38.0044907152
38.0044907088
38.0044907025
38.0044906962
38.0044906899
38.0044906837
38.0044906774
38.0044906712
38.004490665
38.0044906588
38.0044906526
38.0044906465
38.0044906403
38.0044906342
38.0044906281
38.004490622
38.0044906159
38.0044906098
38.0044906037
38.0044905977
38.0044905917
38.0044905857
38.0044905797
38.0044905737
38.0044905678
38.0044905618
38.0044905559
38.00449055
38.0044905441
38.0044905382
38.0044905323
38.0044905265
38.0044905206
38.0044905148
38.004490509
38.0044905032
38.0044904974
38.0044904916
38.0044904859
38.0044904802
38.0044904744
38.0044904687
38.004490463
38.0044904574
38.0044904517
38.004490446
38.0044904404
38.0044904348
38.0044904292
38.0044904236
38.004490418
38.0044904124
38.0044904069
38.0044904013
38.0044903958
38.0044903903
38.0044903848
38.0044903793
38.0044903738
38.0044903684
38.0044903629
38.0044903575
38.0044903521
38.0044903467
38.0044903413
38.0044903359
38.0044903306
38.0044903252
38.0044903199
38.0044903145
38.0044903092
38.0044903039
38.0044902986
38.0044902934
38.0044902881
38.0044902829
38.0044902776
38.0044902724
38.0044902672
38.004490262
38.0044902568
38.0044902516
38.0044902465
38.0044902413
38.0044902362
38.0044902311
38.0044902259
38.0044902208
38.0044902158
38.0044902107
38.0044902056
38.0044902006
38.0044901955
38.0044901905
38.0044901855
38.0044901805
38.0044901755
38.0044901705
38.0044901655
38.0044901606
38.0044901556
38.0044901507
38.0044901458
38.0044901409
38.004490136
38.0044901311
38.0044901262
38.0044901213
38.0044901165
38.0044901116
38.0044901068
38.004490102
38.0044900972
38.0044900924
38.0044900876
38.0044900828
38.004490078
38.0044900733
38.0044900685
38.0044900638
38.0044900591
38.0044900544
38.0044900497
38.004490045
38.0044900403
38.0044900356
38.004490031
38.0044900263
38.0044900217
38.0044900171
38.0044900124
38.0044900078
38.0044900032
38.0044899987
38.0044899941
38.0044899895
38.004489985
38.0044899804
38.0044899759
38.0044899714
38.0044899669
38.0044899623
38.0044899579
38.0044899534
38.0044899489
38.0044899444
38.00448994
38.0044899355
38.0044899311
38.0044899267
38.0044899223
38.0044899179
38.0044899135
38.0044899091
38.0044899047
38.0044899003
38.004489896
38.0044898916
38.0044898873
38.004489883
38.0044898787
38.0044898743
38.00448987
38.0044898658
38.0044898615
38.0044898572
38.0044898529
38.0044898487
38.0044898444
38.0044898402
38.004489836
38.0044898318
38.0044898276
38.0044898234
38.0044898192
38.004489815
38.0044898108
38.0044898067
38.0044898025
38.0044897984
38.0044897942
38.0044897901
38.004489786
38.0044897819
38.0044897778
38.0044897737
38.0044897696
38.0044897655
38.0044897615
38.0044897574
38.0044897533
38.0044897493
38.0044897453
38.0044897413
38.0044897372
38.0044897332
38.0044897292
38.0044897252
38.0044897213
38.0044897173
38.0044897133
38.0044897094
38.0044897054
38.0044897015
38.0044896976
38.0044896936
38.0044896897
38.0044896858
38.0044896819
38.004489678
38.0044896741
38.0044896703
38.0044896664
38.0044896625
38.0044896587
38.0044896548
38.004489651
38.0044896472
38.0044896434
38.0044896396
38.0044896358
38.004489632
38.0044896282
38.0044896244
38.0044896206
38.0044896169
38.0044896131
38.0044896093
38.0044896056
38.0044896019
38.0044895981
38.0044895944
38.0044895907
38.004489587
38.0044895833
38.0044895796
38.0044895759
38.0044895723
38.0044895686
38.0044895649
38.0044895613
38.0044895576
38.004489554
38.0044895504
38.0044895468
38.0044895431
38.0044895395
38.0044895359
38.0044895323
38.0044895288
38.0044895252
38.0044895216
38.004489518
38.0044895145
38.0044895109
38.0044895074
