30.8387343473
30.82043054
30.793838054
30.7493174272
30.7188370455
30.7075054415
30.7027370132
30.7016540441
30.7129260868
30.8121455956
30.9247332088
30.9568437353
30.984511121
31.0104643987
31.0072215104
30.9868488324
30.9671598117
30.9614144069
30.9589892333
30.9594072408
30.9610436721
30.9627585719
30.9646721422
30.9667029303
30.9686683578
30.9705067616
30.9723495323
30.9744521756
30.9771692495
30.9807988411
30.9845626194
30.9866272021
30.9876612665
30.9882746813
30.988674006
30.9889469749
30.9891393886
30.9892779293
30.9893792041
30.9894540476
30.9895097911
30.9895515408
30.9895829341
30.9896066066
30.9896244931
30.9896380272
30.9896482783
30.9896560486
30.9896619414
30.9896664121
30.9896698048
30.9896723799
30.9896743346
30.9896758186
30.9896769452
30.9896778004
30.9896784497
30.9896789426
30.9896793167
30.9896796006
30.989679816
30.9896799794
30.9896801033
30.9896801972
30.9896802683
30.989680322
30.9896803627
30.9896803933
30.9896804164
30.9896804337
30.9896804466
30.9896804562
30.9896804633
30.9896804685
30.9896804722
30.9896804748
30.9896804766
30.9896804777
30.9896804783
30.9896804786
30.9896804786
30.9896804784
30.9896804781
30.9896804776
30.989680477
30.9896804763
30.9896804756
30.9896804749
30.9896804741
30.9896804733
30.9896804725
30.9896804717
30.9896804708
30.98968047
30.9896804691
30.9896804683
30.9896804674
30.9896804665
30.9896804657
30.9896804648
30.989680464
30.9896804631
30.9896804622
30.9896804614
30.9896804605
30.9896804596
30.9896804588
30.9896804579
30.989680457
30.9896804562
30.9896804553
30.9896804544
30.9896804536
30.9896804527
30.9896804519
30.989680451
30.9896804501
30.9896804493
30.9896804484
30.9896804476
30.9896804467
30.9896804458
30.989680445
30.9896804441
30.9896804433
30.9896804424
30.9896804416
30.9896804407
30.9896804399
30.989680439
30.9896804381
30.9896804373
30.9896804364
30.9896804356
30.9896804347
30.9896804339
30.989680433
30.9896804322
30.9896804313
30.9896804305
30.9896804296
30.9896804288
30.9896804279
30.9896804271
30.9896804262
30.9896804254
30.9896804246
30.9896804237
30.9896804229
30.989680422
30.9896804212
30.9896804203
30.9896804195
30.9896804186
30.9896804178
30.989680417
30.9896804161
30.9896804153
30.9896804144
30.9896804136
30.9896804128
30.9896804119
30.9896804111
30.9896804102
30.9896804094
30.9896804086
30.9896804077
30.9896804069
30.9896804061
30.9896804052
30.9896804044
30.9896804035
30.9896804027
30.9896804019
30.989680401
30.9896804002
30.9896803994
30.9896803985
30.9896803977
30.9896803969
30.9896803961
30.9896803952
30.9896803944
30.9896803936
30.9896803927
30.9896803919
30.9896803911
30.9896803903
30.9896803894
30.9896803886
30.9896803878
30.989680387
30.9896803861
30.9896803853
30.9896803845
30.9896803837
30.9896803828
30.989680382
30.9896803812
30.9896803804
30.9896803795
30.9896803787
30.9896803779
30.9896803771
30.9896803763
30.9896803754
30.9896803746
30.9896803738
30.989680373
30.9896803722
30.9896803714
30.9896803705
30.9896803697
30.9896803689
30.9896803681
30.9896803673
30.9896803665
30.9896803656
30.9896803648
30.989680364
30.9896803632
30.9896803624
30.9896803616
30.9896803608
30.98968036
30.9896803591
30.9896803583
30.9896803575
30.9896803567
30.9896803559
30.9896803551
30.9896803543
30.9896803535
30.9896803527
30.9896803519
30.9896803511
30.9896803503
30.9896803495
30.9896803487
30.9896803478
30.989680347
30.9896803462
30.9896803454
30.9896803446
30.9896803438
30.989680343
30.9896803422
30.9896803414
30.9896803406
30.9896803398
30.989680339
30.9896803382
30.9896803374
30.9896803366
30.9896803358
30.989680335
30.9896803342
30.9896803334
30.9896803326
30.9896803319
30.9896803311
30.9896803303
30.9896803295
30.9896803287
30.9896803279
30.9896803271
30.9896803263
30.9896803255
30.9896803247
30.9896803239
30.9896803231
30.9896803223
30.9896803215
30.9896803208
30.98968032
30.9896803192
30.9896803184
30.9896803176
30.9896803168
30.989680316
30.9896803152
30.9896803145
30.9896803137
30.9896803129
30.9896803121
30.9896803113
30.9896803105
30.9896803097
30.989680309
30.9896803082
30.9896803074
30.9896803066
30.9896803058
30.9896803051
30.9896803043
30.9896803035
30.9896803027
30.9896803019
30.9896803012
30.9896803004
30.9896802996
30.9896802988
30.989680298
30.9896802973
30.9896802965
30.9896802957
30.9896802949
30.9896802942
30.9896802934
30.9896802926
30.9896802918
30.9896802911
30.9896802903
30.9896802895
30.9896802887
30.989680288
30.9896802872
30.9896802864
30.9896802857
30.9896802849
30.9896802841
30.9896802833
30.9896802826
30.9896802818
30.989680281
30.9896802803
30.9896802795
30.9896802787
30.989680278
30.9896802772
30.9896802764
30.9896802757
30.9896802749
30.9896802741
30.9896802734
30.9896802726
30.9896802718
30.9896802711
30.9896802703
30.9896802696
30.9896802688
30.989680268
30.9896802673
30.9896802665
30.9896802657
30.989680265
30.9896802642
30.9896802635
30.9896802627
30.9896802619
30.9896802612
30.9896802604
30.9896802597
30.9896802589
30.9896802582
30.9896802574
30.9896802566
30.9896802559
30.9896802551
30.9896802544
30.9896802536
30.9896802529
30.9896802521
30.9896802514
30.9896802506
30.9896802499
30.9896802491
30.9896802484
30.9896802476
30.9896802469
30.9896802461
30.9896802454
30.9896802446
30.9896802439
30.9896802431
30.9896802424
30.9896802416
30.9896802409
30.9896802401
30.9896802394
30.9896802386
30.9896802379
30.9896802371
30.9896802364
30.9896802356
30.9896802349
30.9896802342
30.9896802334
30.9896802327
30.9896802319
30.9896802312
30.9896802304
30.9896802297
30.989680229
30.9896802282
30.9896802275
30.9896802267
30.989680226
30.9896802253
30.9896802245
30.9896802238
30.989680223
30.9896802223
30.9896802216
30.9896802208
30.9896802201
30.9896802194
30.9896802186
30.9896802179
30.9896802171
30.9896802164
30.9896802157
30.9896802149
30.9896802142
30.9896802135
30.9896802127
30.989680212
30.9896802113
30.9896802105
30.9896802098
30.9896802091
30.9896802084
30.9896802076
30.9896802069
30.9896802062
30.9896802054
30.9896802047
30.989680204
30.9896802032
30.9896802025
30.9896802018
30.9896802011
30.9896802003
30.9896801996
30.9896801989
30.9896801982
30.9896801974
30.9896801967
30.989680196
30.9896801953
30.9896801945
30.9896801938
30.9896801931
30.9896801924
30.9896801916
30.9896801909
30.9896801902
30.9896801895
30.9896801888
30.989680188
30.9896801873
30.9896801866
30.9896801859
30.9896801852
30.9896801844
30.9896801837
30.989680183
30.9896801823
30.9896801816
30.9896801809
30.9896801801
30.9896801794
30.9896801787
30.989680178
30.9896801773
30.9896801766
30.9896801758
30.9896801751
30.9896801744
30.9896801737
30.989680173
30.9896801723
30.9896801716
30.9896801709
30.9896801701
30.9896801694
30.9896801687
30.989680168
30.9896801673
30.9896801666
30.9896801659
30.9896801652
30.9896801645
30.9896801638
30.9896801631
30.9896801623
30.9896801616
30.9896801609
30.9896801602
30.9896801595
30.9896801588
30.9896801581
30.9896801574
30.9896801567
30.989680156
30.9896801553
30.9896801546
30.9896801539
30.9896801532
30.9896801525
30.9896801518
30.9896801511
30.9896801504
30.9896801497
30.989680149
30.9896801483
30.9896801476
30.9896801469
30.9896801462
30.9896801455
30.9896801448
30.9896801441
30.9896801434
30.9896801427
30.989680142
30.9896801413
30.9896801406
30.9896801399
30.9896801392
30.9896801385
30.9896801378
30.9896801371
30.9896801364
30.9896801357
30.989680135
30.9896801343
30.9896801337
30.989680133
30.9896801323
30.9896801316
30.9896801309
30.9896801302
30.9896801295
30.9896801288
30.9896801281
30.9896801274
30.9896801267
30.9896801261
30.9896801254
30.9896801247
30.989680124
30.9896801233
30.9896801226
30.9896801219
30.9896801212
30.9896801206
30.9896801199
30.9896801192
30.9896801185
30.9896801178
30.9896801171
30.9896801164
30.9896801158
30.9896801151
30.9896801144
30.9896801137
30.989680113
30.9896801123
30.9896801117
30.989680111
30.9896801103
30.9896801096
30.9896801089
30.9896801083
30.9896801076
30.9896801069
30.9896801062
30.9896801055
30.9896801049
30.9896801042
30.9896801035
30.9896801028
30.9896801021
30.9896801015
30.9896801008
30.9896801001
30.9896800994
30.9896800988
30.9896800981
30.9896800974
30.9896800967
30.9896800961
30.9896800954
30.9896800947
30.989680094
30.9896800934
30.9896800927
30.989680092
30.9896800914
30.9896800907
30.98968009
30.9896800893
30.9896800887
30.989680088
30.9896800873
30.9896800867
30.989680086
30.9896800853
30.9896800847
30.989680084
30.9896800833
30.9896800827
30.989680082
30.9896800813
30.9896800807
30.98968008
30.9896800793
30.9896800787
30.989680078
30.9896800773
30.9896800767
30.989680076
30.9896800753
30.9896800747
30.989680074
30.9896800733
30.9896800727
30.989680072
30.9896800714
30.9896800707
30.98968007
30.9896800694
30.9896800687
30.989680068
30.9896800674
30.9896800667
30.9896800661
30.9896800654
30.9896800647
30.9896800641
30.9896800634
30.9896800628
30.9896800621
30.9896800615
30.9896800608
30.9896800601
30.9896800595
30.9896800588
30.9896800582
30.9896800575
30.9896800569
30.9896800562
30.9896800556
30.9896800549
30.9896800543
30.9896800536
30.9896800529
30.9896800523
30.9896800516
30.989680051
30.9896800503
30.9896800497
30.989680049
30.9896800484
30.9896800477
30.9896800471
30.9896800464
30.9896800458
30.9896800451
30.9896800445
30.9896800438
30.9896800432
30.9896800425
30.9896800419
30.9896800412
30.9896800406
30.9896800399
30.9896800393
30.9896800387
30.989680038
30.9896800374
30.9896800367
30.9896800361
30.9896800354
30.9896800348
30.9896800341
30.9896800335
30.9896800329
30.9896800322
30.9896800316
30.9896800309
30.9896800303
30.9896800296
30.989680029
30.9896800284
30.9896800277
30.9896800271
30.9896800264
30.9896800258
30.9896800252
30.9896800245
30.9896800239
30.9896800232
30.9896800226
30.989680022
30.9896800213
30.9896800207
30.9896800201
30.9896800194
30.9896800188
30.9896800181
30.9896800175
30.9896800169
30.9896800162
30.9896800156
30.989680015
30.9896800143
30.9896800137
30.9896800131
30.9896800124
30.9896800118
30.9896800112
30.9896800105
30.9896800099
30.9896800093
30.9896800086
30.989680008
30.9896800074
30.9896800067
30.9896800061
30.9896800055
30.9896800048
30.9896800042
30.9896800036
30.989680003
30.9896800023
30.9896800017
30.9896800011
30.9896800004
30.9896799998
30.9896799992
30.9896799986
30.9896799979
30.9896799973
30.9896799967
30.9896799961
30.9896799954
30.9896799948
30.9896799942
30.9896799936
30.9896799929
30.9896799923
30.9896799917
30.9896799911
30.9896799904
30.9896799898
30.9896799892
30.9896799886
30.989679988
30.9896799873
30.9896799867
30.9896799861
30.9896799855
30.9896799848
30.9896799842
30.9896799836
30.989679983
30.9896799824
30.9896799818
30.9896799811
30.9896799805
30.9896799799
30.9896799793
30.9896799787
30.989679978
30.9896799774
30.9896799768
30.9896799762
30.9896799756
30.989679975
30.9896799743
30.9896799737
30.9896799731
30.9896799725
30.9896799719
30.9896799713
30.9896799707
30.98967997
30.9896799694
30.9896799688
30.9896799682
30.9896799676
30.989679967
30.9896799664
30.9896799658
30.9896799651
30.9896799645
30.9896799639
30.9896799633
30.9896799627
30.9896799621
30.9896799615
30.9896799609
30.9896799603
30.9896799597
30.9896799591
30.9896799584
30.9896799578
30.9896799572
30.9896799566
30.989679956
30.9896799554
30.9896799548
30.9896799542
30.9896799536
30.989679953
30.9896799524
30.9896799518
30.9896799512
30.9896799506
30.98967995
30.9896799494
30.9896799488
30.9896799482
30.9896799475
30.9896799469
30.9896799463
30.9896799457
30.9896799451
30.9896799445
30.9896799439
30.9896799433
30.9896799427
30.9896799421
30.9896799415
30.9896799409
30.9896799403
30.9896799397
30.9896799391
30.9896799385
30.9896799379
30.9896799373
30.9896799367
30.9896799361
30.9896799356
30.989679935
30.9896799344
30.9896799338
30.9896799332
30.9896799326
30.989679932
30.9896799314
30.9896799308
30.9896799302
30.9896799296
30.989679929
30.9896799284
30.9896799278
30.9896799272
30.9896799266
30.989679926
30.9896799254
30.9896799248
30.9896799243
30.9896799237
30.9896799231
30.9896799225
30.9896799219
30.9896799213
30.9896799207
30.9896799201
30.9896799195
30.9896799189
30.9896799183
30.9896799178
30.9896799172
30.9896799166
30.989679916
30.9896799154
30.9896799148
30.9896799142
30.9896799136
30.9896799131
30.9896799125
30.9896799119
30.9896799113
30.9896799107
30.9896799101
30.9896799095
30.989679909
30.9896799084
30.9896799078
30.9896799072
30.9896799066
30.989679906
30.9896799055
30.9896799049
30.9896799043
30.9896799037
30.9896799031
30.9896799025
30.989679902
30.9896799014
30.9896799008
30.9896799002
30.9896798996
30.9896798991
30.9896798985
30.9896798979
30.9896798973
30.9896798967
30.9896798962
30.9896798956
30.989679895
30.9896798944
30.9896798938
30.9896798933
30.9896798927
30.9896798921
30.9896798915
30.989679891
30.9896798904
30.9896798898
30.9896798892
30.9896798886
30.9896798881
30.9896798875
30.9896798869
30.9896798863
30.9896798858
30.9896798852
30.9896798846
30.9896798841
30.9896798835
30.9896798829
30.9896798823
30.9896798818
30.9896798812
30.9896798806
30.98967988
30.9896798795
30.9896798789
30.9896798783
30.9896798778
30.9896798772
30.9896798766
30.989679876
30.9896798755
30.9896798749
30.9896798743
30.9896798738
30.9896798732
30.9896798726
30.9896798721
30.9896798715
30.9896798709
30.9896798704
30.9896798698
30.9896798692
30.9896798687
30.9896798681
30.9896798675
30.989679867
30.9896798664
30.9896798658
30.9896798653
30.9896798647
30.9896798641
30.9896798636
30.989679863
30.9896798624
30.9896798619
30.9896798613
30.9896798608
30.9896798602
30.9896798596
30.9896798591
30.9896798585
30.9896798579
30.9896798574
30.9896798568
30.9896798563
30.9896798557
30.9896798551
30.9896798546
30.989679854
30.9896798535
30.9896798529
30.9896798523
30.9896798518
30.9896798512
30.9896798507
30.9896798501
30.9896798495
30.989679849
30.9896798484
30.9896798479
30.9896798473
30.9896798468
30.9896798462
30.9896798457
30.9896798451
30.9896798445
30.989679844
30.9896798434
30.9896798429
30.9896798423
30.9896798418
30.9896798412
30.9896798407
