39.3253478453
39.3078103768
39.3077574253
39.3077931914
39.3077808001
39.3077502486
39.3077116821
39.3076685976
39.3076222338
39.3075728947
39.3075204052
39.3074642783
39.3074037571
39.3073377895
39.307264945
39.3071832667
39.3070900262
39.3069813192
39.3068513768
39.3066913542
39.306487108
39.3062149816
39.3058337732
39.3052710575
39.3044141297
39.3031890683
39.3018528121
39.3008724501
39.3002762605
39.2998882829
39.2995988779
39.2993551896
39.2991288651
39.2989008158
39.2986547926
39.2983761128
39.298059132
39.2977318565
39.297473598
39.2973447776
39.2973097754
39.2973078358
39.2973121675
39.2973156969
39.2973172264
39.2973169969
39.2973154886
39.2973131224
39.297310209
39.2973069632
39.2973035276
39.2972999958
39.2972964277
39.2972928612
39.2972893202
39.2972858192
39.2972823668
39.2972789678
39.2972756248
39.2972723385
39.297269109
39.2972659356
39.2972628174
39.2972597533
39.2972567418
39.2972537818
39.2972508718
39.2972480106
39.2972451968
39.2972424293
39.2972397067
39.2972370278
39.2972343916
39.2972317969
39.2972292426
39.2972267278
39.2972242513
39.2972218122
39.2972194097
39.2972170428
39.2972147106
39.2972124123
39.2972101471
39.2972079142
39.2972057128
39.2972035423
39.2972014018
39.2971992908
39.2971972085
39.2971951543
39.2971931275
39.2971911277
39.2971891541
39.2971872062
39.2971852835
39.2971833854
39.2971815114
39.2971796609
39.2971778336
39.297176029
39.2971742465
39.2971724857
39.2971707462
39.2971690275
39.2971673293
39.2971656512
39.2971639927
39.2971623534
39.2971607331
39.2971591313
39.2971575477
39.297155982
39.2971544337
39.2971529027
39.2971513886
39.297149891
39.2971484097
39.2971469443
39.2971454947
39.2971440605
39.2971426414
39.2971412372
39.2971398476
39.2971384724
39.2971371114
39.2971357642
39.2971344306
39.2971331105
39.2971318036
39.2971305097
39.2971292285
39.2971279599
39.2971267037
39.2971254596
39.2971242275
39.2971230071
39.2971217984
39.297120601
39.2971194149
39.2971182398
39.2971170756
39.2971159221
39.2971147792
39.2971136467
39.2971125244
39.2971114122
39.2971103099
39.2971092174
39.2971081345
39.2971070612
39.2971059972
39.2971049424
39.2971038968
39.2971028601
39.2971018322
39.297100813
39.2970998025
39.2970988004
39.2970978067
39.2970968212
39.2970958438
39.2970948745
39.297093913
39.2970929594
39.2970920134
39.297091075
39.2970901442
39.2970892207
39.2970883045
39.2970873955
39.2970864936
39.2970855988
39.2970847108
39.2970838297
39.2970829553
39.2970820876
39.2970812265
39.2970803719
39.2970795236
39.2970786817
39.2970778461
39.2970770167
39.2970761933
39.297075376
39.2970745646
39.2970737591
39.2970729594
39.2970721655
39.2970713772
39.2970705946
39.2970698175
39.2970690458
39.2970682796
39.2970675187
39.2970667632
39.2970660128
39.2970652676
39.2970645275
39.2970637925
39.2970630624
39.2970623373
39.2970616171
39.2970609016
39.297060191
39.2970594851
39.2970587838
39.2970580872
39.2970573951
39.2970567076
39.2970560245
39.2970553458
39.2970546715
39.2970540016
39.2970533359
39.2970526744
39.2970520172
39.297051364
39.297050715
39.29705007
39.2970494291
39.2970487921
39.2970481591
39.2970475299
39.2970469046
39.2970462832
39.2970456655
39.2970450515
39.2970444412
39.2970438346
39.2970432317
39.2970426323
39.2970420365
39.2970414441
39.2970408553
39.29704027
39.297039688
39.2970391094
39.2970385342
39.2970379623
39.2970373937
39.2970368284
39.2970362663
39.2970357073
39.2970351516
39.2970345989
39.2970340494
39.297033503
39.2970329596
39.2970324192
39.2970318818
39.2970313474
39.2970308159
39.2970302873
39.2970297617
39.2970292388
39.2970287188
39.2970282016
39.2970276872
39.2970271756
39.2970266667
39.2970261604
39.2970256569
39.297025156
39.2970246578
39.2970241622
39.2970236692
39.2970231787
39.2970226908
39.2970222054
39.2970217225
39.2970212421
39.2970207642
39.2970202887
39.2970198156
39.2970193449
39.2970188766
39.2970184106
39.297017947
39.2970174857
39.2970170267
39.29701657
39.2970161155
39.2970156633
39.2970152133
39.2970147655
39.2970143199
39.2970138765
39.2970134352
39.2970129961
39.2970125591
39.2970121242
39.2970116913
39.2970112606
39.2970108318
39.2970104052
39.2970099805
39.2970095578
39.2970091372
39.2970087185
39.2970083017
39.2970078869
39.297007474
39.2970070631
39.297006654
39.2970062468
39.2970058415
39.297005438
39.2970050364
39.2970046366
39.2970042386
39.2970038424
39.297003448
39.2970030554
39.2970026645
39.2970022754
39.297001888
39.2970015023
39.2970011183
39.297000736
39.2970003554
39.2969999765
39.2969995992
39.2969992236
39.2969988496
39.2969984772
39.2969981064
39.2969977372
39.2969973696
39.2969970036
39.2969966392
39.2969962763
39.2969959149
39.2969955551
39.2969951968
39.29699484
39.2969944847
39.2969941309
39.2969937785
39.2969934277
39.2969930783
39.2969927303
39.2969923838
39.2969920387
39.296991695
39.2969913527
39.2969910119
39.2969906724
39.2969903343
39.2969899975
39.2969896621
39.2969893281
39.2969889954
39.2969886641
39.2969883341
39.2969880053
39.2969876779
39.2969873518
39.296987027
39.2969867035
39.2969863812
39.2969860602
39.2969857405
39.296985422
39.2969851047
39.2969847887
39.2969844739
39.2969841603
39.2969838479
39.2969835368
39.2969832268
39.296982918
39.2969826104
39.2969823039
39.2969819986
39.2969816945
39.2969813915
39.2969810897
39.296980789
39.2969804894
39.2969801909
39.2969798936
39.2969795973
39.2969793022
39.2969790081
39.2969787151
39.2969784233
39.2969781324
39.2969778427
39.296977554
39.2969772663
39.2969769797
39.2969766942
39.2969764096
39.2969761261
39.2969758437
39.2969755622
39.2969752818
39.2969750023
39.2969747238
39.2969744464
39.2969741699
39.2969738944
39.2969736199
39.2969733463
39.2969730737
39.2969728021
39.2969725314
39.2969722616
39.2969719928
39.2969717249
39.296971458
39.296971192
39.2969709269
39.2969706627
39.2969703994
39.296970137
39.2969698755
39.2969696149
39.2969693552
39.2969690964
39.2969688385
39.2969685814
39.2969683252
39.2969680698
39.2969678153
39.2969675617
39.2969673089
39.296967057
39.2969668059
39.2969665556
39.2969663061
39.2969660575
39.2969658097
39.2969655627
39.2969653165
39.2969650712
39.2969648266
39.2969645828
39.2969643399
39.2969640977
39.2969638563
39.2969636157
39.2969633758
39.2969631367
39.2969628984
39.2969626609
39.2969624241
39.2969621881
39.2969619528
39.2969617183
39.2969614845
39.2969612514
39.2969610191
39.2969607875
39.2969605567
39.2969603266
39.2969600972
39.2969598685
39.2969596405
39.2969594132
39.2969591867
39.2969589608
39.2969587357
39.2969585112
39.2969582874
39.2969580643
39.2969578419
39.2969576202
39.2969573992
39.2969571788
39.2969569591
39.29695674
39.2969565217
39.296956304
39.2969560869
39.2969558705
39.2969556547
39.2969554396
39.2969552252
39.2969550114
39.2969547982
39.2969545856
39.2969543737
39.2969541624
39.2969539517
39.2969537417
39.2969535323
39.2969533235
39.2969531152
39.2969529077
39.2969527007
39.2969524943
39.2969522885
39.2969520833
39.2969518787
39.2969516747
39.2969514713
39.2969512685
39.2969510663
39.2969508646
39.2969506635
39.296950463
39.2969502631
39.2969500637
39.2969498649
39.2969496667
39.296949469
39.2969492719
39.2969490753
39.2969488793
39.2969486839
39.296948489
39.2969482946
39.2969481008
39.2969479075
39.2969477148
39.2969475226
39.2969473309
39.2969471398
39.2969469492
39.2969467591
39.2969465695
39.2969463805
39.2969461919
39.2969460039
39.2969458164
39.2969456295
39.296945443
39.296945257
39.2969450716
39.2969448866
39.2969447021
39.2969445182
39.2969443347
39.2969441517
39.2969439692
39.2969437873
39.2969436057
39.2969434247
39.2969432442
39.2969430641
39.2969428845
39.2969427054
39.2969425268
39.2969423486
39.2969421709
39.2969419937
39.2969418169
39.2969416406
39.2969414648
39.2969412894
39.2969411145
39.29694094
39.296940766
39.2969405925
39.2969404193
39.2969402467
39.2969400745
39.2969399027
39.2969397314
39.2969395605
39.29693939
39.29693922
39.2969390504
39.2969388812
39.2969387125
39.2969385442
39.2969383763
39.2969382089
39.2969380419
39.2969378753
39.2969377091
39.2969375433
39.296937378
39.2969372131
39.2969370485
39.2969368844
39.2969367207
39.2969365574
39.2969363945
39.2969362321
39.29693607
39.2969359083
39.296935747
39.2969355861
39.2969354256
39.2969352655
39.2969351058
39.2969349465
39.2969347876
39.2969346291
39.2969344709
39.2969343132
39.2969341558
39.2969339988
39.2969338422
39.2969336859
39.29693353
39.2969333746
39.2969332194
39.2969330647
39.2969329103
39.2969327563
39.2969326027
39.2969324494
39.2969322965
39.2969321439
39.2969319918
39.2969318399
39.2969316885
39.2969315374
39.2969313866
39.2969312362
39.2969310862
39.2969309365
39.2969307872
39.2969306382
39.2969304895
39.2969303412
39.2969301933
39.2969300457
39.2969298984
39.2969297515
39.2969296049
39.2969294587
39.2969293128
39.2969291672
39.296929022
39.2969288771
39.2969287325
39.2969285882
39.2969284443
39.2969283008
39.2969281575
39.2969280146
39.296927872
39.2969277297
39.2969275877
39.2969274461
39.2969273047
39.2969271637
39.2969270231
39.2969268827
39.2969267426
39.2969266029
39.2969264635
39.2969263243
39.2969261855
39.296926047
39.2969259088
39.296925771
39.2969256334
39.2969254961
39.2969253591
39.2969252225
39.2969250861
39.29692495
39.2969248143
39.2969246788
39.2969245436
39.2969244087
39.2969242741
39.2969241398
39.2969240058
39.2969238721
39.2969237387
39.2969236056
39.2969234727
39.2969233402
39.2969232079
39.2969230759
39.2969229442
39.2969228128
39.2969226817
39.2969225508
39.2969224202
39.2969222899
39.2969221599
39.2969220302
39.2969219007
39.2969217715
39.2969216426
39.2969215139
39.2969213856
39.2969212574
39.2969211296
39.296921002
39.2969208748
39.2969207477
39.296920621
39.2969204945
39.2969203682
39.2969202422
39.2969201165
39.2969199911
39.2969198659
39.296919741
39.2969196163
39.2969194919
39.2969193677
39.2969192438
39.2969191202
39.2969189968
39.2969188737
39.2969187508
39.2969186282
39.2969185058
39.2969183836
39.2969182618
39.2969181401
39.2969180187
39.2969178976
39.2969177767
39.2969176561
39.2969175357
39.2969174155
39.2969172956
39.2969171759
39.2969170565
39.2969169373
39.2969168183
39.2969166996
39.2969165811
39.2969164629
39.2969163448
39.2969162271
39.2969161095
39.2969159922
39.2969158751
39.2969157583
39.2969156417
39.2969155253
39.2969154092
39.2969152932
39.2969151775
39.2969150621
39.2969149468
39.2969148318
39.296914717
39.2969146025
39.2969144881
39.296914374
39.2969142601
39.2969141464
39.296914033
39.2969139198
39.2969138067
39.2969136939
39.2969135814
39.296913469
39.2969133569
39.2969132449
39.2969131332
39.2969130217
39.2969129104
39.2969127994
39.2969126885
39.2969125779
39.2969124674
39.2969123572
39.2969122472
39.2969121374
39.2969120278
39.2969119184
39.2969118092
39.2969117002
39.2969115914
39.2969114829
39.2969113745
39.2969112663
39.2969111584
39.2969110506
39.2969109431
39.2969108357
39.2969107286
39.2969106216
39.2969105149
39.2969104083
39.296910302
39.2969101958
39.2969100898
39.2969099841
39.2969098785
39.2969097731
39.2969096679
39.296909563
39.2969094582
39.2969093536
39.2969092491
39.2969091449
39.2969090409
39.2969089371
39.2969088334
39.29690873
39.2969086267
39.2969085236
39.2969084207
39.296908318
39.2969082155
39.2969081131
39.296908011
39.296907909
39.2969078072
39.2969077056
39.2969076042
39.296907503
39.2969074019
39.296907301
39.2969072003
39.2969070998
39.2969069995
39.2969068993
39.2969067994
39.2969066996
39.2969065999
39.2969065005
39.2969064012
39.2969063021
39.2969062032
39.2969061045
39.2969060059
39.2969059075
39.2969058093
39.2969057112
39.2969056134
39.2969055157
39.2969054181
39.2969053208
39.2969052236
39.2969051265
39.2969050297
39.296904933
39.2969048365
39.2969047401
39.2969046439
39.2969045479
39.2969044521
39.2969043564
39.2969042609
39.2969041655
39.2969040703
39.2969039753
39.2969038804
39.2969037857
39.2969036912
39.2969035968
39.2969035026
39.2969034085
39.2969033146
39.2969032209
39.2969031273
39.2969030339
39.2969029406
39.2969028475
39.2969027546
39.2969026618
39.2969025692
39.2969024767
39.2969023844
39.2969022922
39.2969022002
39.2969021084
39.2969020167
39.2969019251
39.2969018338
39.2969017425
39.2969016514
39.2969015605
39.2969014697
39.2969013791
39.2969012886
39.2969011983
39.2969011081
39.2969010181
39.2969009282
39.2969008385
39.2969007489
39.2969006594
39.2969005701
39.296900481
39.296900392
39.2969003032
39.2969002144
39.2969001259
39.2969000375
39.2968999492
39.2968998611
39.2968997731
39.2968996853
39.2968995976
39.29689951
39.2968994226
39.2968993353
39.2968992482
39.2968991612
39.2968990744
39.2968989877
39.2968989011
39.2968988147
39.2968987284
39.2968986422
39.2968985562
39.2968984704
39.2968983846
39.296898299
39.2968982136
39.2968981282
39.2968980431
39.296897958
39.2968978731
39.2968977883
39.2968977037
39.2968976191
39.2968975348
39.2968974505
39.2968973664
39.2968972824
39.2968971986
39.2968971149
39.2968970313
39.2968969478
39.2968968645
39.2968967813
39.2968966983
39.2968966153
39.2968965325
39.2968964499
39.2968963673
39.2968962849
39.2968962026
39.2968961205
39.2968960384
39.2968959565
39.2968958748
39.2968957931
39.2968957116
39.2968956302
39.2968955489
39.2968954678
39.2968953868
39.2968953059
39.2968952251
39.2968951444
39.2968950639
39.2968949835
39.2968949032
39.2968948231
39.2968947431
39.2968946632
39.2968945834
39.2968945037
39.2968944242
39.2968943447
39.2968942654
39.2968941862
39.2968941072
39.2968940282
39.2968939494
39.2968938707
39.2968937921
39.2968937137
39.2968936353
39.2968935571
39.296893479
39.296893401
39.2968933231
39.2968932453
39.2968931677
39.2968930901
39.2968930127
39.2968929354
39.2968928582
39.2968927812
39.2968927042
39.2968926274
39.2968925507
39.296892474
39.2968923975
39.2968923212
39.2968922449
39.2968921687
39.2968920927
39.2968920167
39.2968919409
39.2968918652
39.2968917896
39.2968917141
39.2968916387
39.2968915635
39.2968914883
39.2968914132
39.2968913383
39.2968912635
39.2968911887
39.2968911141
39.2968910396
39.2968909652
39.2968908909
39.2968908168
39.2968907427
