23.1751742003
23.1483833961
23.1274394098
23.1124895185
23.1024088386
23.0951799231
23.0894420734
23.0844325567
23.0796738992
23.0748071828
23.0695427342
23.0635212783
23.0548853268
23.0321368429
22.9344745195
22.863922374
22.8295728691
22.8325205822
22.8361345066
22.8358657486
22.8346868429
22.8330523193
22.8300088242
22.8259692547
22.8249351734
22.8249150214
22.8225028896
22.8190122596
22.8253580738
22.8417186687
22.8643357099
22.8854668969
22.9001865342
22.9099074952
22.9164936883
22.9210327241
22.9241811224
22.9263684376
22.9278878083
22.9289424855
22.9296740275
22.9301810584
22.9305322278
22.9307752672
22.9309433306
22.931059427
22.9311395147
22.9311946562
22.9312325168
22.9312584065
22.9312760027
22.9312878516
22.9312957158
22.9313008156
22.9313039952
22.9313058388
22.9313067507
22.9313070103
22.9313068108
22.9313062857
22.9313055271
22.9313045985
22.9313035435
22.9313023921
22.9313011647
22.931299875
22.9312985324
22.9312971429
22.9312957103
22.9312942368
22.9312927238
22.9312911715
22.9312895799
22.9312879484
22.9312862762
22.9312845622
22.931282805
22.9312810034
22.9312791556
22.9312772601
22.9312753151
22.9312733186
22.9312712685
22.9312691628
22.9312669991
22.9312647751
22.9312624881
22.9312601355
22.9312577144
22.9312552217
22.9312526543
22.9312500088
22.9312472814
22.9312444684
22.9312415657
22.9312385688
22.9312354732
22.9312322738
22.9312289654
22.9312255423
22.9312219984
22.9312183272
22.9312145218
22.9312105745
22.9312064774
22.9312022217
22.9311977981
22.9311931964
22.9311884056
22.9311834139
22.9311782083
22.9311727748
22.931167098
22.9311611614
22.9311549466
22.9311484336
22.9311416004
22.9311344229
22.9311268744
22.9311189254
22.9311105431
22.9311016911
22.931092329
22.9310824114
22.9310718873
22.9310606995
22.9310487833
22.9310360652
22.9310224617
22.9310078771
22.9309922017
22.9309753086
22.9309570506
22.9309372559
22.9309157226
22.9308922119
22.9308664397
22.9308380644
22.9308066729
22.9307717597
22.9307327008
22.9306887159
22.9306388177
22.9305817379
22.9305158204
22.9304388628
22.9303478722
22.9302386802
22.9301053096
22.9299388895
22.9297256944
22.9294433737
22.9290531125
22.9284816619
22.9275745541
22.9259516757
22.9224450074
22.9122168298
22.8758218239
22.6642417532
22.3367971803
22.27731938
22.2786255714
22.2819018024
22.2858980782
22.2903631761
22.2952936227
22.3006435809
22.3069470602
22.3188673877
22.3628664948
22.4104802975
22.421941443
22.4241705315
22.4245828438
22.4246567935
22.4246691546
22.4246706633
22.4246704539
22.4246700985
22.4246698239
22.424669634
22.4246695056
22.4246694191
22.4246693608
22.4246693214
22.4246692948
22.4246692768
22.4246692646
22.4246692563
22.4246692507
22.4246692469
22.4246692443
22.4246692426
22.4246692414
22.4246692406
22.4246692401
22.4246692397
22.4246692395
22.4246692393
22.4246692392
22.4246692391
22.4246692391
22.424669239
22.424669239
22.424669239
22.424669239
22.424669239
22.424669239
22.424669239
22.424669239
22.424669239
22.424669239
22.4246692389
22.4246692389
22.4246692389
22.4246692389
22.4246692389
22.4246692389
22.4246692389
22.4246692389
22.4246692389
22.4246692389
22.4246692389
22.4246692389
22.4246692389
22.4246692389
22.4246692389
22.4246692389
22.4246692389
22.4246692389
22.4246692389
22.4246692389
22.4246692389
22.4246692389
22.4246692389
22.4246692389
22.4246692389
22.4246692389
22.4246692389
22.4246692389
22.4246692389
22.4246692389
22.4246692389
22.4246692389
22.4246692389
22.4246692389
22.4246692389
22.4246692389
22.4246692389
22.4246692389
22.4246692389
22.4246692389
22.4246692389
22.4246692389
22.4246692389
22.4246692389
22.4246692389
22.4246692389
22.4246692389
22.4246692389
22.4246692389
22.4246692389
22.4246692389
22.4246692389
22.4246692389
22.4246692389
22.4246692389
22.4246692389
22.4246692389
22.4246692389
22.4246692389
22.4246692389
22.4246692389
22.4246692389
22.4246692389
22.4246692389
22.4246692389
22.4246692389
22.4246692389
22.4246692389
22.4246692389
22.4246692389
22.4246692389
22.4246692389
22.4246692389
22.4246692389
22.4246692389
22.4246692389
22.4246692389
22.4246692389
22.4246692389
22.4246692389
22.4246692389
22.4246692389
22.4246692389
22.4246692389
22.4246692389
22.4246692389
22.4246692389
22.4246692389
22.4246692389
22.4246692389
22.4246692389
22.4246692389
22.4246692389
22.4246692389
22.4246692389
22.4246692389
22.4246692389
22.4246692389
22.4246692389
22.4246692389
22.4246692389
22.4246692389
22.4246692389
22.4246692389
22.4246692389
22.4246692389
22.4246692389
22.4246692389
22.4246692389
22.4246692389
22.4246692389
22.4246692389
22.4246692389
22.4246692389
22.4246692389
22.4246692389
22.4246692389
22.4246692389
22.4246692389
22.4246692389
22.4246692389
22.4246692389
22.4246692389
22.4246692389
22.4246692389
22.4246692389
22.4246692389
22.4246692389
22.4246692389
22.4246692389
22.4246692389
22.4246692389
22.4246692389
22.4246692389
22.4246692389
22.4246692389
22.4246692389
22.4246692389
22.4246692389
22.4246692389
22.4246692389
22.4246692389
22.4246692389
22.4246692389
22.4246692389
22.4246692389
22.4246692389
22.4246692389
22.4246692389
22.4246692389
22.4246692389
22.4246692389
22.4246692389
22.4246692389
22.4246692389
22.4246692389
22.4246692389
22.4246692389
22.4246692389
22.4246692389
22.4246692389
22.4246692389
22.4246692389
22.4246692389
22.4246692389
22.4246692389
22.4246692389
22.4246692389
22.4246692389
22.4246692389
22.4246692389
22.4246692389
22.4246692389
22.4246692389
22.4246692389
22.4246692389
22.4246692389
22.4246692389
22.4246692389
22.4246692389
22.4246692389
22.4246692389
22.4246692389
22.4246692389
22.4246692389
22.4246692389
22.4246692389
22.4246692389
22.4246692389
22.4246692389
22.4246692389
22.4246692389
22.4246692389
22.4246692389
22.4246692389
22.4246692389
22.4246692389
22.4246692389
22.4246692389
22.4246692389
22.4246692389
22.4246692389
22.4246692389
22.4246692389
22.4246692389
22.4246692389
22.4246692389
22.4246692389
22.4246692389
22.4246692389
22.4246692389
22.4246692389
22.4246692389
22.4246692389
22.4246692389
22.4246692389
22.4246692389
22.4246692389
22.4246692389
22.4246692389
22.4246692389
22.4246692389
22.4246692389
22.4246692389
22.4246692389
22.4246692389
22.4246692389
22.4246692389
22.4246692389
22.4246692389
22.4246692389
22.4246692389
22.4246692389
22.4246692389
22.4246692389
22.4246692389
22.4246692389
22.4246692389
22.4246692389
22.4246692389
22.4246692389
22.4246692389
22.4246692389
22.4246692389
22.4246692389
22.4246692389
22.4246692389
22.4246692389
22.4246692389
22.4246692389
22.4246692389
22.4246692389
22.4246692389
22.4246692389
22.4246692389
22.4246692389
22.4246692389
22.4246692389
22.4246692389
22.4246692389
22.4246692389
22.4246692389
22.4246692389
22.4246692389
22.4246692389
22.4246692389
22.4246692389
22.4246692389
22.4246692389
22.4246692389
22.4246692389
22.4246692389
22.4246692389
22.4246692389
22.4246692389
22.4246692389
22.4246692389
22.4246692389
22.4246692389
22.4246692389
22.4246692389
22.4246692389
22.4246692389
22.4246692389
22.4246692389
22.4246692389
22.4246692389
22.4246692389
22.4246692389
22.4246692389
22.4246692389
22.4246692389
22.4246692389
22.4246692389
22.4246692389
22.4246692389
22.4246692389
22.4246692389
22.4246692389
22.4246692389
22.4246692389
22.4246692389
22.4246692389
22.4246692389
22.4246692389
22.4246692389
22.4246692389
22.4246692389
22.4246692389
22.4246692389
22.4246692389
22.4246692389
22.4246692389
22.4246692389
22.4246692389
22.4246692389
22.4246692389
22.4246692389
22.4246692389
22.4246692389
22.4246692389
22.4246692389
22.4246692389
22.4246692389
22.4246692389
22.4246692389
22.4246692389
22.4246692389
22.4246692389
22.4246692389
22.4246692389
22.4246692389
22.4246692389
22.4246692389
22.4246692389
22.4246692389
22.4246692389
22.4246692389
22.4246692389
22.4246692389
22.4246692389
22.4246692389
22.4246692389
22.4246692389
22.4246692389
22.4246692389
22.4246692389
22.4246692389
22.4246692389
22.4246692389
22.4246692389
22.4246692389
22.4246692389
22.4246692389
22.4246692389
22.4246692389
22.4246692389
22.4246692389
22.4246692389
22.4246692389
22.4246692389
22.4246692389
22.4246692389
22.4246692389
22.4246692389
22.4246692389
22.4246692389
22.4246692389
22.4246692389
22.4246692389
22.4246692389
22.4246692389
22.4246692389
22.4246692389
22.4246692389
22.4246692389
22.4246692389
22.4246692389
22.4246692389
22.4246692389
22.4246692389
22.4246692389
22.4246692389
22.4246692389
22.4246692389
22.4246692389
22.4246692389
22.4246692389
22.4246692389
22.4246692389
22.4246692389
22.4246692389
22.4246692389
22.4246692389
22.4246692389
22.4246692389
22.4246692389
22.4246692389
22.4246692389
22.4246692389
22.4246692389
22.4246692389
22.4246692389
22.4246692389
22.4246692389
22.4246692389
22.4246692389
22.4246692389
22.4246692389
22.4246692389
22.4246692389
22.4246692389
22.4246692389
22.4246692389
22.4246692389
22.4246692389
22.4246692389
22.4246692389
22.4246692389
22.4246692389
22.4246692389
22.4246692389
22.4246692389
22.4246692389
22.4246692389
22.4246692389
22.4246692389
22.4246692389
22.4246692389
22.4246692389
22.4246692389
22.4246692389
22.4246692389
22.4246692389
22.4246692389
22.4246692389
22.4246692389
22.4246692389
22.4246692389
22.4246692389
22.4246692389
22.4246692389
22.4246692389
22.4246692389
22.4246692389
22.4246692389
22.4246692389
22.4246692389
22.4246692389
22.4246692389
22.4246692389
22.4246692389
22.4246692389
22.4246692389
22.4246692389
22.4246692389
22.4246692389
22.4246692389
22.4246692389
22.4246692389
22.4246692389
22.4246692389
22.4246692389
22.4246692389
22.4246692389
22.4246692389
22.4246692389
22.4246692389
22.4246692389
22.4246692389
22.4246692389
22.4246692389
22.4246692389
22.4246692389
22.4246692389
22.4246692389
22.4246692389
22.4246692389
22.4246692389
22.4246692389
22.4246692389
22.4246692389
22.4246692389
22.4246692389
22.4246692389
22.4246692389
22.4246692389
22.4246692389
22.4246692389
22.4246692389
22.4246692389
22.4246692389
22.4246692389
22.4246692389
22.4246692389
22.4246692389
22.4246692389
22.4246692389
22.4246692389
22.4246692389
22.4246692389
22.4246692389
22.4246692389
22.4246692389
22.4246692389
22.4246692389
22.4246692389
22.4246692389
22.4246692389
22.4246692389
22.4246692389
22.4246692389
22.4246692389
22.4246692389
22.4246692389
22.4246692389
22.4246692389
22.4246692389
22.4246692389
22.4246692389
22.4246692389
22.4246692389
22.4246692389
22.4246692389
22.4246692389
22.4246692389
22.4246692389
22.4246692389
22.4246692389
22.4246692389
22.4246692389
22.4246692389
22.4246692389
22.4246692389
22.4246692389
22.4246692389
22.4246692389
22.4246692389
22.4246692389
22.4246692389
22.4246692389
22.4246692389
22.4246692389
22.4246692389
22.4246692389
22.4246692389
22.4246692389
22.4246692389
22.4246692389
22.4246692389
22.4246692389
22.4246692389
22.4246692389
22.4246692389
22.4246692389
22.4246692389
22.4246692389
22.4246692389
22.4246692389
22.4246692389
22.4246692389
22.4246692389
22.4246692389
22.4246692389
22.4246692389
22.4246692389
22.4246692389
22.4246692389
22.4246692389
22.4246692389
22.4246692389
22.4246692389
22.4246692389
22.4246692389
22.4246692389
22.4246692389
22.4246692389
22.4246692389
22.4246692389
22.4246692389
22.4246692389
22.4246692389
22.4246692389
22.4246692389
22.4246692389
22.4246692389
22.4246692389
22.4246692389
22.4246692389
22.4246692389
22.4246692389
22.4246692389
22.4246692389
22.4246692389
22.4246692389
22.4246692389
22.4246692389
22.4246692389
22.4246692389
22.4246692389
22.4246692389
22.4246692389
22.4246692389
22.4246692389
22.4246692389
22.4246692389
22.4246692389
22.4246692389
22.4246692389
22.4246692389
22.4246692389
22.4246692389
22.4246692389
22.4246692389
22.4246692389
22.4246692389
22.4246692389
22.4246692389
22.4246692389
22.4246692389
22.4246692389
22.4246692389
22.4246692389
22.4246692389
22.4246692389
22.4246692389
22.4246692389
22.4246692389
22.4246692389
22.4246692389
22.4246692389
22.4246692389
22.4246692389
22.4246692389
22.4246692389
22.4246692389
22.4246692389
22.4246692389
22.4246692389
22.4246692389
22.4246692389
22.4246692389
22.4246692389
22.4246692389
22.4246692389
22.4246692389
22.4246692389
22.4246692389
22.4246692389
22.4246692389
22.4246692389
22.4246692389
22.4246692389
22.4246692389
22.4246692389
22.4246692389
22.4246692389
22.4246692389
22.4246692389
22.4246692389
22.4246692389
22.4246692389
22.4246692389
22.4246692389
22.4246692389
22.4246692389
22.4246692389
22.4246692389
22.4246692389
22.4246692389
22.4246692389
22.4246692389
22.4246692389
22.4246692389
22.4246692389
22.4246692389
22.4246692389
22.4246692389
22.4246692389
22.4246692389
22.4246692389
22.4246692389
22.4246692389
22.4246692389
22.4246692389
22.4246692389
22.4246692389
22.4246692389
22.4246692389
22.4246692389
22.4246692389
22.4246692389
22.4246692389
22.4246692389
22.4246692389
22.4246692389
22.4246692389
22.4246692389
22.4246692389
22.4246692389
22.4246692389
22.4246692389
22.4246692389
22.4246692389
22.4246692389
22.4246692389
22.4246692389
22.4246692389
22.4246692389
22.4246692389
22.4246692389
22.4246692389
22.4246692389
22.4246692389
22.4246692389
22.4246692389
22.4246692389
22.4246692389
22.4246692389
22.4246692389
22.4246692389
22.4246692389
22.4246692389
22.4246692389
22.4246692389
22.4246692389
22.4246692389
22.4246692389
22.4246692389
22.4246692389
22.4246692389
22.4246692389
22.4246692389
22.4246692389
22.4246692389
22.4246692389
22.4246692389
22.4246692389
22.4246692389
22.4246692389
22.4246692389
22.4246692389
22.4246692389
22.4246692389
22.4246692389
22.4246692389
22.4246692389
22.4246692389
22.4246692389
22.4246692389
22.4246692389
22.4246692389
22.4246692389
22.4246692389
22.4246692389
22.4246692389
22.4246692389
22.4246692389
22.4246692389
22.4246692389
22.4246692389
22.4246692389
22.4246692389
22.4246692389
22.4246692389
22.4246692389
22.4246692389
22.4246692389
22.4246692389
22.4246692389
22.4246692389
22.4246692389
22.4246692389
22.4246692389
22.4246692389
22.4246692389
22.4246692389
22.4246692389
22.4246692389
22.4246692389
22.4246692389
22.4246692389
22.4246692389
22.4246692389
22.4246692389
22.4246692389
22.4246692389
