39.1810077101
39.1492748745
39.0686907172
39.0500566537
39.0537451591
39.0533240787
39.0519240347
39.0504287394
39.0494198153
39.0484993045
39.0471881
39.0449674726
39.0433128814
39.0456622109
39.0451388085
39.0448072935
39.0445010357
39.0442225142
39.0439614196
39.0437159626
39.0434843854
39.0432656159
39.0430587099
39.0428628356
39.0426772286
39.0425011839
39.0423340487
39.0421752191
39.0420241367
39.0418802854
39.0417431882
39.0416124048
39.0414875283
39.0413681829
39.0412540215
39.0411447229
39.0410399904
39.0409395492
39.0408431449
39.0407505416
39.0406615208
39.0405758793
39.0404934287
39.0404139935
39.0403374106
39.040263528
39.0401922039
39.0401233062
39.0400567114
39.039992304
39.0399299759
39.0398696262
39.0398111598
39.039754488
39.0396995272
39.039646199
39.0395944295
39.0395441495
39.0394952933
39.0394477995
39.0394016099
39.0393566694
39.0393129263
39.0392703315
39.0392288386
39.0391884037
39.039148985
39.0391105432
39.0390730408
39.0390364422
39.0390007136
39.038965823
39.0389317399
39.0388984351
39.038865881
39.0388340512
39.0388029207
39.0387724653
39.0387426623
39.0387134898
39.038684927
39.0386569538
39.0386295512
39.038602701
39.0385763857
39.0385505885
39.0385252934
39.038500485
39.0384761487
39.0384522702
39.038428836
39.038405833
39.0383832488
39.0383610712
39.0383392888
39.0383178904
39.0382968653
39.0382762033
39.0382558942
39.0382359287
39.0382162976
39.0381969918
39.038178003
39.0381593228
39.0381409432
39.0381228566
39.0381050556
39.038087533
39.0380702818
39.0380532954
39.0380365674
39.0380200914
39.0380038613
39.0379878715
39.0379721161
39.0379565897
39.037941287
39.0379262029
39.0379113323
39.0378966704
39.0378822126
39.0378679543
39.0378538912
39.0378400188
39.0378263332
39.0378128302
39.037799506
39.0377863568
39.0377733789
39.0377605687
39.0377479228
39.0377354377
39.0377231103
39.0377109372
39.0376989154
39.0376870419
39.0376753138
39.0376637281
39.0376522821
39.0376409732
39.0376297986
39.0376187558
39.0376078422
39.0375970556
39.0375863934
39.0375758534
39.0375654334
39.037555131
39.0375449443
39.037534871
39.0375249092
39.0375150568
39.037505312
39.0374956729
39.0374861375
39.0374767041
39.037467371
39.0374581363
39.0374489985
39.0374399559
39.0374310069
39.0374221499
39.0374133834
39.0374047059
39.037396116
39.0373876122
39.0373791931
39.0373708574
39.0373626037
39.0373544307
39.0373463371
39.0373383218
39.0373303834
39.0373225208
39.0373147328
39.0373070183
39.0372993761
39.0372918051
39.0372843044
39.0372768727
39.0372695091
39.0372622125
39.0372549821
39.0372478167
39.0372407155
39.0372336776
39.0372267019
39.0372197877
39.037212934
39.03720614
39.0371994048
39.0371927277
39.0371861077
39.0371795442
39.0371730363
39.0371665832
39.0371601843
39.0371538387
39.0371475458
39.0371413048
39.037135115
39.0371289759
39.0371228866
39.0371168465
39.037110855
39.0371049115
39.0370990153
39.0370931658
39.0370873624
39.0370816046
39.0370758917
39.0370702231
39.0370645984
39.0370590169
39.0370534781
39.0370479815
39.0370425266
39.0370371128
39.0370317397
39.0370264067
39.0370211134
39.0370158592
39.0370106438
39.0370054666
39.0370003271
39.0369952251
39.0369901599
39.0369851311
39.0369801384
39.0369751813
39.0369702594
39.0369653723
39.0369605196
39.0369557009
39.0369509157
39.0369461638
39.0369414448
39.0369367582
39.0369321038
39.0369274811
39.0369228898
39.0369183295
39.0369138
39.0369093008
39.0369048317
39.0369003923
39.0368959822
39.0368916013
39.0368872491
39.0368829254
39.0368786298
39.036874362
39.0368701219
39.036865909
39.036861723
39.0368575638
39.036853431
39.0368493243
39.0368452435
39.0368411883
39.0368371585
39.0368331537
39.0368291738
39.0368252184
39.0368212874
39.0368173805
39.0368134974
39.0368096379
39.0368058018
39.0368019889
39.0367981989
39.0367944315
39.0367906866
39.036786964
39.0367832634
39.0367795846
39.0367759274
39.0367722917
39.0367686771
39.0367650835
39.0367615108
39.0367579586
39.0367544268
39.0367509152
39.0367474237
39.036743952
39.0367404999
39.0367370673
39.0367336541
39.0367302599
39.0367268846
39.0367235282
39.0367201903
39.0367168708
39.0367135696
39.0367102865
39.0367070214
39.036703774
39.0367005442
39.0366973319
39.0366941369
39.036690959
39.0366877982
39.0366846541
39.0366815268
39.0366784161
39.0366753217
39.0366722437
39.0366691818
39.0366661358
39.0366631058
39.0366600914
39.0366570926
39.0366541093
39.0366511414
39.0366481886
39.0366452509
39.0366423281
39.0366394202
39.0366365269
39.0366336482
39.036630784
39.0366279341
39.0366250985
39.0366222769
39.0366194693
39.0366166756
39.0366138957
39.0366111294
39.0366083767
39.0366056373
39.0366029113
39.0366001986
39.0365974989
39.0365948122
39.0365921385
39.0365894776
39.0365868293
39.0365841937
39.0365815706
39.0365789598
39.0365763614
39.0365737752
39.0365712012
39.0365686391
39.0365660891
39.0365635508
39.0365610243
39.0365585095
39.0365560062
39.0365535145
39.0365510341
39.0365485651
39.0365461073
39.0365436607
39.0365412251
39.0365388005
39.0365363868
39.036533984
39.0365315918
39.0365292104
39.0365268395
39.0365244792
39.0365221292
39.0365197897
39.0365174604
39.0365151413
39.0365128324
39.0365105335
39.0365082447
39.0365059657
39.0365036966
39.0365014373
39.0364991876
39.0364969477
39.0364947173
39.0364924964
39.0364902849
39.0364880828
39.0364858901
39.0364837065
39.0364815322
39.036479367
39.0364772108
39.0364750636
39.0364729254
39.036470796
39.0364686754
39.0364665636
39.0364644605
39.036462366
39.03646028
39.0364582026
39.0364561337
39.0364540731
39.0364520209
39.036449977
39.0364479413
39.0364459138
39.0364438945
39.0364418832
39.0364398799
39.0364378846
39.0364358972
39.0364339177
39.036431946
39.0364299821
39.0364280258
39.0364260773
39.0364241363
39.0364222029
39.036420277
39.0364183586
39.0364164477
39.036414544
39.0364126478
39.0364107588
39.036408877
39.0364070024
39.036405135
39.0364032746
39.0364014214
39.0363995751
39.0363977358
39.0363959034
39.0363940779
39.0363922593
39.0363904474
39.0363886423
39.0363868439
39.0363850522
39.0363832671
39.0363814886
39.0363797167
39.0363779513
39.0363761923
39.0363744398
39.0363726937
39.0363709539
39.0363692205
39.0363674933
39.0363657724
39.0363640577
39.0363623491
39.0363606467
39.0363589504
39.0363572601
39.0363555759
39.0363538977
39.0363522254
39.036350559
39.0363488986
39.0363472439
39.0363455951
39.0363439521
39.0363423149
39.0363406833
39.0363390574
39.0363374372
39.0363358226
39.0363342136
39.0363326102
39.0363310123
39.0363294198
39.0363278329
39.0363262513
39.0363246752
39.0363231045
39.036321539
39.0363199789
39.0363184241
39.0363168745
39.0363153302
39.036313791
39.036312257
39.0363107282
39.0363092045
39.0363076858
39.0363061722
39.0363046636
39.03630316
39.0363016614
39.0363001677
39.036298679
39.0362971951
39.0362957161
39.0362942419
39.0362927726
39.036291308
39.0362898482
39.0362883931
39.0362869427
39.0362854971
39.036284056
39.0362826197
39.0362811879
39.0362797607
39.0362783381
39.03627692
39.0362755064
39.0362740973
39.0362726927
39.0362712925
39.0362698968
39.0362685054
39.0362671184
39.0362657358
39.0362643575
39.0362629835
39.0362616138
39.0362602483
39.0362588871
39.0362575301
39.0362561774
39.0362548287
39.0362534843
39.036252144
39.0362508078
39.0362494757
39.0362481476
39.0362468236
39.0362455037
39.0362441877
39.0362428758
39.0362415678
39.0362402638
39.0362389637
39.0362376675
39.0362363752
39.0362350868
39.0362338022
39.0362325215
39.0362312446
39.0362299714
39.0362287021
39.0362274365
39.0362261747
39.0362249166
39.0362236622
39.0362224115
39.0362211645
39.0362199211
39.0362186813
39.0362174452
39.0362162127
39.0362149837
39.0362137583
39.0362125365
39.0362113182
39.0362101034
39.0362088921
39.0362076843
39.03620648
39.0362052791
39.0362040816
39.0362028876
39.036201697
39.0362005097
39.0361993258
39.0361981453
39.0361969681
39.0361957942
39.0361946237
39.0361934564
39.0361922924
39.0361911317
39.0361899742
39.0361888199
39.0361876689
39.0361865211
39.0361853764
39.0361842349
39.0361830966
39.0361819615
39.0361808294
39.0361797005
39.0361785747
39.0361774519
39.0361763322
39.0361752156
39.0361741021
39.0361729915
39.036171884
39.0361707795
39.036169678
39.0361685795
39.0361674839
39.0361663913
39.0361653016
39.0361642148
39.036163131
39.03616205
39.036160972
39.0361598968
39.0361588245
39.036157755
39.0361566884
39.0361556245
39.0361545635
39.0361535053
39.0361524499
39.0361513973
39.0361503474
39.0361493003
39.0361482559
39.0361472143
39.0361461753
39.0361451391
39.0361441056
39.0361430747
39.0361420465
39.036141021
39.0361399981
39.0361389779
39.0361379602
39.0361369452
39.0361359328
39.036134923
39.0361339158
39.0361329111
39.036131909
39.0361309095
39.0361299125
39.036128918
39.036127926
39.0361269365
39.0361259496
39.0361249651
39.0361239831
39.0361230035
39.0361220265
39.0361210518
39.0361200796
39.0361191098
39.0361181424
39.0361171775
39.0361162149
39.0361152547
39.0361142969
39.0361133415
39.0361123884
39.0361114376
39.0361104892
39.0361095432
39.0361085994
39.036107658
39.0361067188
39.0361057819
39.0361048474
39.0361039151
39.036102985
39.0361020572
39.0361011317
39.0361002084
39.0360992873
39.0360983684
39.0360974518
39.0360965373
39.0360956251
39.036094715
39.0360938071
39.0360929013
39.0360919978
39.0360910963
39.036090197
39.0360892999
39.0360884049
39.0360875119
39.0360866211
39.0360857324
39.0360848458
39.0360839613
39.0360830788
39.0360821984
39.0360813201
39.0360804438
39.0360795695
39.0360786973
39.0360778272
39.036076959
39.0360760929
39.0360752287
39.0360743666
39.0360735064
39.0360726483
39.0360717921
39.0360709378
39.0360700856
39.0360692352
39.0360683869
39.0360675404
39.0360666959
39.0360658533
39.0360650127
39.0360641739
39.036063337
39.0360625021
39.036061669
39.0360608378
39.0360600085
39.036059181
39.0360583554
39.0360575317
39.0360567098
39.0360558897
39.0360550715
39.036054255
39.0360534405
39.0360526277
39.0360518167
39.0360510075
39.0360502002
39.0360493946
39.0360485907
39.0360477887
39.0360469884
39.0360461899
39.0360453931
39.0360445981
39.0360438048
39.0360430133
39.0360422235
39.0360414354
39.036040649
39.0360398644
39.0360390814
39.0360383001
39.0360375206
39.0360367427
39.0360359665
39.0360351919
39.036034419
39.0360336478
39.0360328783
39.0360321104
39.0360313441
39.0360305795
39.0360298165
39.0360290552
39.0360282954
39.0360275373
39.0360267808
39.0360260259
39.0360252726
39.0360245208
39.0360237707
39.0360230222
39.0360222752
39.0360215298
39.0360207859
39.0360200437
39.0360193029
39.0360185638
39.0360178261
39.03601709
39.0360163555
39.0360156224
39.0360148909
39.036014161
39.0360134325
39.0360127055
39.03601198
39.0360112561
39.0360105336
39.0360098126
39.0360090931
39.036008375
39.0360076585
39.0360069434
39.0360062298
39.0360055176
39.0360048069
39.0360040976
39.0360033898
39.0360026834
39.0360019784
39.0360012749
39.0360005727
39.035999872
39.0359991728
39.0359984749
39.0359977784
39.0359970834
39.0359963897
39.0359956974
39.0359950065
39.035994317
39.0359936289
39.0359929421
39.0359922567
39.0359915727
39.03599089
39.0359902087
39.0359895287
39.0359888501
39.0359881728
39.0359874968
39.0359868222
39.0359861489
39.035985477
39.0359848063
39.035984137
39.035983469
39.0359828023
39.0359821369
39.0359814728
39.0359808099
39.0359801484
39.0359794882
39.0359788292
39.0359781715
39.0359775151
39.03597686
39.0359762061
39.0359755535
39.0359749022
39.0359742521
39.0359736032
39.0359729556
39.0359723093
39.0359716641
39.0359710202
39.0359703776
39.0359697362
39.0359690959
39.035968457
39.0359678192
39.0359671826
39.0359665472
39.0359659131
39.0359652801
39.0359646484
39.0359640178
39.0359633884
39.0359627602
39.0359621332
39.0359615074
39.0359608827
39.0359602592
39.0359596369
39.0359590157
39.0359583957
39.0359577769
39.0359571592
39.0359565426
39.0359559272
39.0359553129
39.0359546998
39.0359540878
39.035953477
39.0359528672
39.0359522586
39.0359516511
39.0359510448
39.0359504395
39.0359498354
39.0359492323
39.0359486304
39.0359480296
39.0359474298
39.0359468312
39.0359462337
39.0359456372
39.0359450418
39.0359444475
39.0359438543
39.0359432622
39.0359426711
39.0359420811
39.0359414921
39.0359409043
39.0359403174
39.0359397317
39.035939147
39.0359385633
39.0359379807
39.0359373991
39.0359368186
39.0359362391
39.0359356606
39.0359350832
39.0359345068
39.0359339314
39.0359333571
39.0359327837
39.0359322114
39.0359316401
39.0359310698
39.0359305005
39.0359299322
39.035929365
39.0359287987
39.0359282334
39.0359276691
39.0359271058
39.0359265434
39.0359259821
39.0359254218
39.0359248624
39.035924304
39.0359237465
39.0359231901
39.0359226346
39.0359220801
39.0359215265
39.0359209739
39.0359204222
39.0359198715
39.0359193218
39.035918773
39.0359182251
39.0359176782
39.0359171322
39.0359165872
39.0359160431
39.0359154999
39.0359149577
39.0359144164
39.035913876
39.0359133365
39.035912798
39.0359122604
39.0359117236
39.0359111878
39.0359106529
39.0359101189
39.0359095859
39.0359090537
39.0359085224
39.035907992
39.0359074625
39.0359069339
39.0359064062
39.0359058793
39.0359053534
39.0359048283
39.0359043041
39.0359037808
39.0359032584
39.0359027368
39.0359022161
39.0359016963
39.0359011773
39.0359006592
39.035900142
39.0358996256
39.0358991101
39.0358985954
39.0358980816
39.0358975686
39.0358970564
39.0358965452
39.0358960347
39.0358955251
39.0358950163
39.0358945084
39.0358940013
39.035893495
39.0358929896
39.0358924849
39.0358919811
39.0358914782
39.035890976
39.0358904746
39.0358899741
39.0358894744
39.0358889755
39.0358884774
39.0358879801
39.0358874836
39.0358869879
39.035886493
39.0358859989
39.0358855056
39.0358850131
39.0358845214
39.0358840305
39.0358835404
39.035883051
39.0358825624
39.0358820747
39.0358815876
39.0358811014
39.035880616
39.0358801313
39.0358796473
39.0358791642
39.0358786818
39.0358782002
39.0358777193
39.0358772392
39.0358767599
39.0358762813
39.0358758035
39.0358753264
39.0358748501
39.0358743745
39.0358738997
39.0358734256
39.0358729523
