36.2945690526
36.3225358032
36.3230812908
36.3157141535
36.306700298
36.2994516284
36.2947583642
36.2903002475
36.2855631952
36.2811558528
36.2773889513
36.2741043548
36.2702935949
36.2580353692
36.2481029574
36.2470087036
36.2466418613
36.2464111401
36.2462718199
36.2462033464
36.2461883131
36.2462122814
36.246263765
36.2463338423
36.2464156679
36.2465040145
36.2465948844
36.2466851915
36.2467725073
36.2468548551
36.2469305436
36.2469980256
36.2470557744
36.2471021676
36.247135369
36.2471531999
36.2471529899
36.2471313927
36.2470841544
36.2470058155
36.2468893288
36.2467255804
36.2465028224
36.2462060896
36.2458168244
36.2453132633
36.2446727378
36.2438778136
36.2429281812
36.2418566673
36.24073822
36.2396737453
36.2387486278
36.2379997875
36.2374184702
36.2369740561
36.2366334856
36.2363694019
36.2361614038
36.2359948683
36.2358594132
36.2357476296
36.2356541659
36.2355750986
36.2355075054
36.2354491755
36.2353984122
36.2353538951
36.235314584
36.2352796505
36.2352484272
36.2352203721
36.2351950407
36.2351720659
36.2351511419
36.2351320126
36.2351144617
36.235098306
36.2350833887
36.2350695756
36.2350567509
36.2350448141
36.2350336779
36.2350232659
36.2350135111
36.2350043542
36.2349957432
36.2349876316
36.2349799781
36.2349727459
36.2349659018
36.2349594162
36.2349532624
36.2349474161
36.2349418555
36.2349365607
36.2349315136
36.2349266978
36.2349220983
36.2349177011
36.2349134938
36.2349094646
36.234905603
36.234901899
36.2348983436
36.2348949283
36.2348916454
36.2348884877
36.2348854484
36.2348825213
36.2348797006
36.2348769809
36.2348743571
36.2348718245
36.2348693787
36.2348670156
36.2348647312
36.234862522
36.2348603845
36.2348583155
36.234856312
36.2348543711
36.2348524901
36.2348506665
36.234848898
36.2348471823
36.2348455171
36.2348439005
36.2348423307
36.2348408057
36.2348393238
36.2348378834
36.234836483
36.234835121
36.2348337961
36.234832507
36.2348312523
36.2348300309
36.2348288415
36.2348276832
36.2348265547
36.2348254553
36.2348243838
36.2348233393
36.2348223211
36.2348213282
36.2348203598
36.2348194153
36.2348184937
36.2348175945
36.234816717
36.2348158604
36.2348150243
36.234814208
36.2348134108
36.2348126324
36.234811872
36.2348111293
36.2348104038
36.2348096949
36.2348090022
36.2348083253
36.2348076637
36.2348070171
36.234806385
36.2348057671
36.234805163
36.2348045724
36.2348039949
36.2348034303
36.2348028781
36.234802338
36.2348018099
36.2348012933
36.2348007881
36.234800294
36.2347998106
36.2347993378
36.2347988753
36.2347984228
36.2347979803
36.2347975473
36.2347971238
36.2347967095
36.2347963042
36.2347959077
36.2347955199
36.2347951405
36.2347947694
36.2347944064
36.2347940514
36.2347937041
36.2347933645
36.2347930323
36.2347927075
36.2347923899
36.2347920793
36.2347917756
36.2347914787
36.2347911885
36.2347909047
36.2347906274
36.2347903564
36.2347900916
36.2347898328
36.23478958
36.2347893331
36.2347890919
36.2347888564
36.2347886264
36.2347884019
36.2347881827
36.2347879689
36.2347877602
36.2347875567
36.2347873582
36.2347871646
36.2347869759
36.234786792
36.2347866129
36.2347864383
36.2347862684
36.2347861029
36.2347859419
36.2347857853
36.234785633
36.2347854849
36.234785341
36.2347852013
36.2347850656
36.234784934
36.2347848063
36.2347846825
36.2347845625
36.2347844464
36.234784334
36.2347842253
36.2347841203
36.2347840188
36.234783921
36.2347838266
36.2347837357
36.2347836483
36.2347835643
36.2347834836
36.2347834062
36.2347833321
36.2347832612
36.2347831935
36.234783129
36.2347830676
36.2347830093
36.234782954
36.2347829018
36.2347828526
36.2347828063
36.234782763
36.2347827225
36.234782685
36.2347826503
36.2347826184
36.2347825893
36.2347825629
36.2347825393
36.2347825184
36.2347825002
36.2347824846
36.2347824717
36.2347824614
36.2347824537
36.2347824485
36.2347824459
36.2347824459
36.2347824483
36.2347824532
36.2347824606
36.2347824705
36.2347824827
36.2347824974
36.2347825145
36.2347825339
36.2347825557
36.2347825798
36.2347826063
36.2347826351
36.2347826661
36.2347826995
36.2347827351
36.2347827729
36.234782813
36.2347828553
36.2347828998
36.2347829465
36.2347829954
36.2347830465
36.2347830997
36.2347831551
36.2347832126
36.2347832722
36.2347833339
36.2347833977
36.2347834637
36.2347835317
36.2347836018
36.2347836739
36.2347837481
36.2347838244
36.2347839026
36.2347839829
36.2347840653
36.2347841496
36.234784236
36.2347843243
36.2347844146
36.234784507
36.2347846013
36.2347846975
36.2347847958
36.234784896
36.2347849981
36.2347851022
36.2347852082
36.2347853162
36.2347854261
36.2347855379
36.2347856517
36.2347857674
36.234785885
36.2347860045
36.2347861259
36.2347862492
36.2347863745
36.2347865016
36.2347866306
36.2347867615
36.2347868943
36.234787029
36.2347871656
36.234787304
36.2347874444
36.2347875866
36.2347877307
36.2347878767
36.2347880246
36.2347881743
36.234788326
36.2347884795
36.2347886348
36.2347887921
36.2347889512
36.2347891122
36.2347892751
36.2347894399
36.2347896065
36.234789775
36.2347899454
36.2347901177
36.2347902919
36.2347904679
36.2347906458
36.2347908256
36.2347910074
36.234791191
36.2347913764
36.2347915638
36.2347917531
36.2347919443
36.2347921374
36.2347923324
36.2347925293
36.2347927282
36.2347929289
36.2347931316
36.2347933362
36.2347935427
36.2347937512
36.2347939616
36.2347941739
36.2347943882
36.2347946045
36.2347948227
36.2347950428
36.2347952649
36.2347954891
36.2347957151
36.2347959432
36.2347961733
36.2347964053
36.2347966394
36.2347968754
36.2347971135
36.2347973536
36.2347975957
36.2347978399
36.2347980861
36.2347983344
36.2347985847
36.2347988371
36.2347990915
36.2347993481
36.2347996067
36.2347998674
36.2348001302
36.2348003952
36.2348006623
36.2348009315
36.2348012028
36.2348014763
36.2348017519
36.2348020298
36.2348023098
36.234802592
36.2348028763
36.2348031629
36.2348034518
36.2348037428
36.2348040361
36.2348043317
36.2348046295
36.2348049296
36.2348052319
36.2348055366
36.2348058436
36.2348061529
36.2348064645
36.2348067785
36.2348070949
36.2348074136
36.2348077347
36.2348080582
36.2348083842
36.2348087125
36.2348090433
36.2348093766
36.2348097123
36.2348100505
36.2348103912
36.2348107344
36.2348110801
36.2348114284
36.2348117793
36.2348121327
36.2348124887
36.2348128474
36.2348132086
36.2348135725
36.2348139391
36.2348143083
36.2348146803
36.2348150549
36.2348154323
36.2348158124
36.2348161953
36.234816581
36.2348169694
36.2348173607
36.2348177549
36.2348181519
36.2348185518
36.2348189546
36.2348193603
36.234819769
36.2348201806
36.2348205952
36.2348210129
36.2348214335
36.2348218573
36.2348222841
36.234822714
36.234823147
36.2348235832
36.2348240225
36.234824465
36.2348249108
36.2348253598
36.2348258121
36.2348262677
36.2348267266
36.2348271888
36.2348276544
36.2348281235
36.2348285959
36.2348290719
36.2348295513
36.2348300342
36.2348305206
36.2348310107
36.2348315043
36.2348320016
36.2348325026
36.2348330072
36.2348335156
36.2348340277
36.2348345436
36.2348350633
36.2348355869
36.2348361144
36.2348366459
36.2348371812
36.2348377206
36.234838264
36.2348388115
36.2348393631
36.2348399188
36.2348404787
36.2348410428
36.2348416112
36.2348421838
36.2348427608
36.2348433422
36.234843928
36.2348445183
36.234845113
36.2348457123
36.2348463162
36.2348469247
36.2348475379
36.2348481558
36.2348487785
36.2348494059
36.2348500383
36.2348506755
36.2348513178
36.234851965
36.2348526172
36.2348532746
36.2348539372
36.2348546049
36.2348552779
36.2348559563
36.23485664
36.2348573291
36.2348580237
36.2348587239
36.2348594296
36.2348601411
36.2348608582
36.2348615811
36.2348623099
36.2348630445
36.2348637852
36.2348645318
36.2348652846
36.2348660435
36.2348668087
36.2348675801
36.2348683579
36.2348691422
36.234869933
36.2348707303
36.2348715344
36.2348723451
36.2348731627
36.2348739871
36.2348748186
36.234875657
36.2348765026
36.2348773555
36.2348782156
36.2348790831
36.234879958
36.2348808406
36.2348817307
36.2348826287
36.2348835344
36.2348844481
36.2348853698
36.2348862996
36.2348872377
36.234888184
36.2348891388
36.2348901021
36.2348910741
36.2348920548
36.2348930443
36.2348940429
36.2348950505
36.2348960673
36.2348970934
36.2348981289
36.234899174
36.2349002288
36.2349012934
36.2349023679
36.2349034524
36.2349045472
36.2349056523
36.2349067679
36.2349078941
36.2349090311
36.234910179
36.2349113379
36.234912508
36.2349136895
36.2349148825
36.2349160871
36.2349173036
36.2349185321
36.2349197728
36.2349210258
36.2349222914
36.2349235697
36.2349248608
36.234926165
36.2349274825
36.2349288134
36.234930158
36.2349315165
36.234932889
36.2349342757
36.234935677
36.234937093
36.2349385239
36.2349399699
36.2349414313
36.2349429084
36.2349444013
36.2349459104
36.2349474358
36.2349489778
36.2349505367
36.2349521128
36.2349537063
36.2349553175
36.2349569467
36.2349585941
36.2349602602
36.2349619452
36.2349636493
36.234965373
36.2349671166
36.2349688803
36.2349706645
36.2349724696
36.234974296
36.2349761439
36.2349780138
36.2349799061
36.2349818211
36.2349837593
36.2349857209
36.2349877066
36.2349897167
36.2349917516
36.2349938118
36.2349958977
36.2349980099
36.2350001488
36.2350023149
36.2350045087
36.2350067307
36.2350089815
36.2350112617
36.2350135717
36.2350159121
36.2350182837
36.2350206868
36.2350231223
36.2350255906
36.2350280925
36.2350306287
36.2350331998
36.2350358066
36.2350384497
36.2350411299
36.2350438481
36.2350466049
36.2350494012
36.2350522379
36.2350551157
36.2350580357
36.2350609986
36.2350640054
36.2350670571
36.2350701547
36.2350732992
36.2350764916
36.2350797331
36.2350830247
36.2350863676
36.2350897629
36.235093212
36.235096716
36.2351002762
36.2351038941
36.2351075709
36.235111308
36.2351151071
36.2351189695
36.2351228968
36.2351268907
36.2351309528
36.2351350849
36.2351392887
36.2351435662
36.2351479191
36.2351523495
36.2351568594
36.235161451
36.2351661264
36.2351708878
36.2351757378
36.2351806786
36.2351857129
36.2351908432
36.2351960722
36.2352014028
36.235206838
36.2352123807
36.235218034
36.2352238014
36.2352296862
36.2352356918
36.2352418222
36.2352480809
36.2352544722
36.235261
36.2352676688
36.2352744831
36.2352814475
36.2352885671
36.2352958468
36.2353032921
36.2353109085
36.2353187018
36.2353266783
36.2353348441
36.2353432061
36.2353517712
36.2353605467
36.2353695402
36.2353787598
36.235388214
36.2353979115
36.2354078617
36.2354180742
36.2354285594
36.235439328
36.2354503913
36.2354617613
36.2354734506
36.2354854724
36.2354978408
36.2355105705
36.235523677
36.235537177
36.2355510878
36.2355654279
36.2355802169
36.2355954755
36.2356112258
36.235627491
36.2356442961
36.2356616675
36.2356796332
36.2356982233
36.2357174697
36.2357374064
36.2357580699
36.2357794992
36.2358017359
36.2358248247
36.2358488136
36.2358737541
36.2358997013
36.2359267149
36.2359548591
36.2359842029
36.2360148212
36.2360467947
36.236080211
36.2361151648
36.2361517592
36.2361901061
36.2362303273
36.2362725558
36.2363169366
36.2363636283
36.2364128047
36.2364646562
36.2365193923
36.2365772434
36.2366384634
36.2367033327
36.2367721614
36.2368452932
36.2369231094
36.237006034
36.237094539
36.2371891511
36.2372904586
36.23739912
36.2375158729
36.2376415454
36.2377770674
36.2379234849
36.2380819748
36.2382538618
36.2384406372
36.2386439784
36.2388657702
36.2391081254
36.2393734059
36.2396642401
36.2399835358
36.2403344851
36.2407205572
36.241145473
36.2416131582
36.2421276686
36.2426930846
36.243313379
36.2439922639
36.2447330408
36.2455384828
36.2464107983
36.2473517267
36.2483628234
36.2494459785
36.2506042052
36.2518427308
36.2531704436
36.2546018288
36.2561596756
36.2578791404
36.2598143107
36.2620495635
36.2647205153
36.2680552386
36.2724612888
36.2787241775
36.2884940888
36.3055012098
36.337914343
36.397701925
36.4863504264
36.5908680256
36.6672133833
36.6845784746
36.6889720473
36.6904451468
36.690991089
36.6911949863
36.6912659556
36.6912854325
36.6912860276
36.6912806936
36.6912743534
36.6912686837
36.6912640958
36.6912605459
36.6912578578
36.6912558428
36.6912543382
36.6912532154
36.6912523763
36.6912517475
36.6912512748
36.6912509178
36.691250647
36.6912504404
36.6912502817
36.6912501589
36.6912500631
36.6912499875
36.691249927
36.691249878
36.6912498377
36.6912498039
36.691249775
36.6912497499
36.6912497276
36.6912497075
36.691249689
36.6912496718
36.6912496555
36.6912496399
36.6912496249
36.6912496103
36.6912495961
36.6912495821
36.6912495683
36.6912495547
36.6912495412
36.6912495278
36.6912495145
36.6912495013
36.6912494882
36.6912494751
36.691249462
36.691249449
36.6912494361
36.6912494232
36.6912494103
36.6912493974
36.6912493846
36.6912493718
36.691249359
36.6912493463
36.6912493336
36.6912493209
36.6912493083
36.6912492957
36.6912492831
36.6912492706
36.691249258
36.6912492455
36.6912492331
36.6912492206
36.6912492082
36.6912491958
36.6912491834
36.6912491711
36.6912491588
36.6912491465
36.6912491343
36.6912491221
36.6912491099
36.6912490977
36.6912490855
36.6912490734
36.6912490613
36.6912490493
36.6912490372
36.6912490252
36.6912490132
36.6912490013
36.6912489893
36.6912489774
36.6912489655
36.6912489537
36.6912489419
36.69124893
36.6912489183
36.6912489065
36.6912488948
36.6912488831
36.6912488714
36.6912488597
36.6912488481
36.6912488365
36.6912488249
36.6912488134
36.6912488019
36.6912487903
36.6912487789
36.6912487674
36.691248756
36.6912487446
36.6912487332
36.6912487218
36.6912487105
36.6912486992
36.6912486879
36.6912486766
36.6912486654
36.6912486542
36.691248643
36.6912486318
36.6912486207
36.6912486096
36.6912485985
36.6912485874
36.6912485763
36.6912485653
36.6912485543
36.6912485433
36.6912485324
36.6912485214
36.6912485105
36.6912484996
36.6912484887
36.6912484779
36.6912484671
36.6912484563
36.6912484455
36.6912484347
36.691248424
36.6912484133
36.6912484026
36.6912483919
36.6912483813
36.6912483707
36.6912483601
36.6912483495
36.6912483389
36.6912483284
36.6912483179
36.6912483074
36.6912482969
36.6912482864
36.691248276
36.6912482656
36.6912482552
36.6912482448
36.6912482345
36.6912482242
36.6912482139
36.6912482036
36.6912481933
